t,k,g,v,z,conn
0,0,49100.64696541021,23101.546,71575.53294811532,24 27 106 107 108 109 110 111 112 116 117 118 119 120 121 122 123 124 125 126 127 128 129 130 137 154 155 156 157 158 159 160 161 162 163 166 167 168 169 170 474 475 476 477 478 490 491 492 498 499 500 501 502 503 504 545 546 547 548 549 550 551 552 553 554 555 556 557 558 559 560 561 562 563 564 565 566 567 568 569 570 571 572 573 574 575 576 577 578 579 580 581 582 583 584 585 586 587 588 589 590 591 592 593 594 595 596 597 598 599 600 601 602 603 604 605 606 607 608 609 610 611 612 613 614 615 616 617 618 619 620 621 622 623 624 625 626 627 628 629 630 631 632 633 634 635 636 637 638 639 640 641 642 643 644 645 646 647 648 649 650 651 652 653 654 655 656 657 658 659 660 661 662 663 664 665 666 667 668 669 670 671 672 673 674 675 676 677 678 679 680 681 682 683 684 685 686 687 688 689 690 691 692 693 694 695 696 697 698 699 700 701 702 703 704 705 706 707 708 709 710 711 712 713 714 715 716 717 718 719 720 721 722 723 724 725 726 727 728 729 730 731 732 733 734 735 736 737 738 739 740 741 742 743 744 745 746 747 748 749 750 751 752 753 754 755 756 757 758 759 760 761 762 763 764 765 766 767 768 769 770 771 772 773 775 776 777 778 779 780 781 782 784 785 787 788 789 790 791 792 793 794 795 796 797 798 799 800 801 802 803 804 805 806 807 808 809 810 811 812 813 814 815 816 817 818 819 820 821 822 823 824 825 826 827 828 829 830 831 832 833 834 835 836 837 838 839 840 841 842 843 844 845 846 847 848 849 850 851 852 853 854 855 856 857 858 859 860 861 862 872 889 890 891 892 893 898 899 900 901 902 903 904 905 906 907 908 909 912 953 954
0,1,0.0,3417.759,0.0,0 1 2 3 4 5 6 7 8 9 10 11 12 13 14 15 16 17 18 19 20 21 22 23 25 26 28 29 30 31 32 33 34 35 36 37 38 39 40 41 42 43 44 45 46 47 49 50 75 78
0,2,42759.79478072041,13416.318000000001,52579.601040960544,415 416 418 419 420 421 422 423 424 425 426 427 429 430 431 432 433 434 435 436 437 438 439 440 441 442 443 444 445 446 472 473 479 480 481 482 483 484 485 486 487 488 489 493 494 495 496 497 505 506 507 508 509 510 511 512 513 514 515 516 517 518 519 520 521 522 523 524 525 526 527 528 529 530 531 532 533 534 535 536 537 538 539 540 541 542 543 544 774 783 786 885 886 887 888 894 895 896 897 918 922 923 924 925 926 927 928 929 930 931 932 933 934 935 936 937 938 939 940 941 942 943 944 945 946 947 948 949 950 951 952 955 956 957 958 959 960 961 962 963 964 965 966 967 968 969 970 971 972 973 974 975 976 977 978 979 980 981 982 983 984 985 986 987 988 989 990 991 992 993 994 995 996 997 998 999 1000 1001 1002 1003 1004 1005 1006 1007 1008 1011 1012 1013 1014 1015 1016 1017 1018 1019 1020 1021 1022 1023 1024 1025 1026 1027 1028 1029 1030 1031 1032 1033 1034 1035
0,3,0.0,4774.9619999999995,0.0,52 53 54 55 56 57 58 59 60 61 62 63 64 65 66 67 68 69 70 71 72 73 74 76 77 79 80 81 82 83 84 85 86 87 88 89 90 91 92 93 94 95 96 97 98 99 100 101 102 103 104 105 113 114 115 131 132 133 134 135 136 218 219 220 221 222 223 224 225
0,4,12964.411011342076,9566.39,15267.897348456103,138 139 140 141 142 143 146 147 148 149 150 151 152 153 164 165 171 172 173 174 175 176 177 178 179 180 181 182 183 184 185 186 187 188 189 190 191 192 193 194 195 196 197 198 199 200 201 202 203 204 205 206 207 208 209 210 211 212 213 214 215 216 217 309 310 311 312 313 314 315 316 317 318 319 320 321 322 323 324 325 326 327 328 329 330 331 332 333 334 335 336 337 338 339 340 341 342 343 344 345 346 347 348 349 350 351 352 353 354 355 356 357 358 359 360 361 362 363 364 365 366 367 368 370 371 372 373 374 376 379 380 381 382 383 391 392 393 394 395 396 397 398 399 401 407 410 411 412 413 863 864 865 866 867 868 869 870 871 873 874 875 876 877 878 879 880 1089 1090 1094 1095 1096 1097 1099 1100 1101 1102 1103 1104 1105
0,5,0.0,4447.093000000001,0.0,144 145 226 227 228 229 230 231 232 233 234 235 236 237 238 239 240 241 242 243 244 245 246 247 248 249 250 251 252 253 254 255 256 257 258 259 260 261 262 263 264 265 266 267 268 269 270 271 272 273 274 275 276 277 278 279 280 281 282 283 284 285 286 287 288 289 290 291 292 293 294 295 296 297 298 299 300 301 302 303 304 305 306 307 308 384 385 386 387 388 389 390 400 402 403 404 405
0,6,0.0,2760.974,0.0,1267 1311 1312 1338 1339 1340 1341 1342 1348 1349 1350 1351 1352 1353 1354 1355 1356 1357 1358 1359 1360 1361 1362 1363 1364 1367 1368 1369 1370 1371 1372 1373 1374 1375 1376 1377 1378 1379 1380 1381 1382 1383 1384 1385 1386 1387 1388 1389 1390 1391 1392 1393 1394 1395 1396 1397 1398 1399 1400 1401 1402 1403 1404 1405 1406 1407 1408 1409 1410 1411 1412 1413 1414 1415 1416 1417 1418
0,7,0.0,3892.211,0.0,48 51 414 417 1272 1273 1274 1275 1276 1277 1278 1279 1280 1281 1282 1283 1284 1285 1286 1287 1288 1289 1290 1291 1292 1293 1294 1295 1296 1297 1298 1299 1300 1301 1302 1303 1304 1305 1306 1307 1308 1309 1310 1313 1314 1315 1316 1317 1318 1319 1320 1321 1322 1323 1324 1325 1326 1327 1328 1329 1330 1331 1332 1343 1344 1345 1346 1347
0,8,1703.6638073363422,7103.438,1131.0520764484547,369 375 377 378 406 408 409 881 882 883 884 910 911 913 914 915 916 917 919 920 921 1009 1010 1036 1038 1039 1041 1042 1044 1045 1046 1047 1048 1049 1050 1051 1052 1053 1054 1055 1056 1057 1058 1059 1060 1061 1062 1063 1064 1065 1066 1067 1068 1069 1070 1071 1072 1073 1074 1075 1076 1077 1078 1079 1080 1081 1082 1083 1084 1085 1086 1087 1088 1091 1092 1093 1098 1106 1107 1108 1109 1110 1111 1112 1113 1114 1115 1116 1117 1118 1119 1120 1121 1122 1123 1124 1125 1126 1127 1128 1129 1130 1131 1132 1133 1134 1135 1136 1137 1138 1139 1140 1141 1142 1143 1144 1145 1146 1147 1148 1149 1150 1151 1152 1153 1154 1155 1156 1157 1158 1159 1160 1161 1162 1163 1164 1165 1166 1167 1168 1169 1170 1171 1172 1173 1174 1175
0,9,0.0,4801.969,0.0,428 447 448 449 450 451 452 453 454 455 456 457 458 459 460 461 462 463 464 465 466 467 468 469 470 471 1037 1040 1043 1176 1177 1178 1179 1180 1181 1182 1183 1184 1185 1186 1187 1188 1189 1190 1191 1192 1193 1194 1195 1196 1197 1198 1199 1200 1201 1202 1203 1204 1205 1206 1207 1208 1209 1210 1211 1212 1213 1214 1215 1216 1217 1218 1219 1220 1221 1222 1223 1224 1225 1226 1227 1228 1229 1230 1231 1232 1233 1234 1235 1236 1237 1238 1239 1240 1241 1242 1243 1244 1245 1246 1247 1248 1249 1250 1251 1252 1253 1254 1255 1256 1257 1258 1259 1260 1261 1262 1263 1264 1265 1266 1268 1269 1270 1271 1333 1334 1335 1336 1337 1365 1366
1,0,25194.154982705113,24533.151999999995,0.0,24 27 106 107 108 109 110 111 112 116 117 118 119 120 121 122 123 124 125 126 127 128 129 130 137 154 155 156 157 158 159 160 161 162 163 166 167 168 169 170 474 475 476 477 478 490 491 492 498 499 500 501 502 503 504 545 546 547 548 549 550 551 552 553 554 555 556 557 558 559 560 561 562 563 564 565 566 567 568 569 570 571 572 573 574 575 576 577 578 579 580 581 582 583 584 585 586 587 588 589 590 591 592 593 594 595 596 597 598 599 600 601 602 603 604 605 606 607 608 609 610 611 612 613 614 615 616 617 618 619 620 621 622 623 624 625 626 627 628 629 630 631 632 633 634 635 636 637 638 639 640 641 642 643 644 645 646 647 648 649 650 651 652 653 654 655 656 657 658 659 660 661 662 663 664 665 666 667 668 669 670 671 672 673 674 675 676 677 678 679 680 681 682 683 684 685 686 687 688 689 690 691 692 693 694 695 696 697 698 699 700 701 702 703 704 705 706 707 708 709 710 711 712 713 714 715 716 717 718 719 720 721 722 723 724 725 726 727 728 729 730 731 732 733 734 735 736 737 738 739 740 741 742 743 744 745 746 747 748 749 750 751 752 753 754 755 756 757 758 759 760 761 762 763 764 765 766 767 768 769 770 771 772 773 775 776 777 778 779 780 781 782 784 785 787 788 789 790 791 792 793 794 795 796 797 798 799 800 801 802 803 804 805 806 807 808 809 810 811 812 813 814 815 816 817 818 819 820 821 822 823 824 825 826 827 828 829 830 831 832 833 834 835 836 837 838 839 840 841 842 843 844 845 846 847 848 849 850 851 852 853 854 855 856 857 858 859 860 861 862 872 889 890 891 892 893 898 899 900 901 902 903 904 905 906 907 908 909 912 953 954
1,1,0.0,3368.102,0.0,0 1 2 3 4 5 6 7 8 9 10 11 12 13 14 15 16 17 18 19 20 21 22 23 25 26 28 29 30 31 32 33 34 35 36 37 38 39 40 41 42 43 44 45 46 47 49 50 75 78
1,2,31387.12652048027,14969.179999999998,0.0,415 416 418 419 420 421 422 423 424 425 426 427 429 430 431 432 433 434 435 436 437 438 439 440 441 442 443 444 445 446 472 473 479 480 481 482 483 484 485 486 487 488 489 493 494 495 496 497 505 506 507 508 509 510 511 512 513 514 515 516 517 518 519 520 521 522 523 524 525 526 527 528 529 530 531 532 533 534 535 536 537 538 539 540 541 542 543 544 774 783 786 885 886 887 888 894 895 896 897 918 922 923 924 925 926 927 928 929 930 931 932 933 934 935 936 937 938 939 940 941 942 943 944 945 946 947 948 949 950 951 952 955 956 957 958 959 960 961 962 963 964 965 966 967 968 969 970 971 972 973 974 975 976 977 978 979 980 981 982 983 984 985 986 987 988 989 990 991 992 993 994 995 996 997 998 999 1000 1001 1002 1003 1004 1005 1006 1007 1008 1011 1012 1013 1014 1015 1016 1017 1018 1019 1020 1021 1022 1023 1024 1025 1026 1027 1028 1029 1030 1031 1032 1033 1034 1035
1,3,0.0,3817.8489999999997,0.0,52 53 54 55 56 57 58 59 60 61 62 63 64 65 66 67 68 69 70 71 72 73 74 76 77 79 80 81 82 83 84 85 86 87 88 89 90 91 92 93 94 95 96 97 98 99 100 101 102 103 104 105 113 114 115 131 132 133 134 135 136 218 219 220 221 222 223 224 225
1,4,9540.883674228051,10686.431,0.0,138 139 140 141 142 143 146 147 148 149 150 151 152 153 164 165 171 172 173 174 175 176 177 178 179 180 181 182 183 184 185 186 187 188 189 190 191 192 193 194 195 196 197 198 199 200 201 202 203 204 205 206 207 208 209 210 211 212 213 214 215 216 217 309 310 311 312 313 314 315 316 317 318 319 320 321 322 323 324 325 326 327 328 329 330 331 332 333 334 335 336 337 338 339 340 341 342 343 344 345 346 347 348 349 350 351 352 353 354 355 356 357 358 359 360 361 362 363 364 365 366 367 368 370 371 372 373 374 376 379 380 381 382 383 391 392 393 394 395 396 397 398 399 401 407 410 411 412 413 863 864 865 866 867 868 869 870 871 873 874 875 876 877 878 879 880 1089 1090 1094 1095 1096 1097 1099 1100 1101 1102 1103 1104 1105
1,5,0.0,5341.238,0.0,144 145 226 227 228 229 230 231 232 233 234 235 236 237 238 239 240 241 242 243 244 245 246 247 248 249 250 251 252 253 254 255 256 257 258 259 260 261 262 263 264 265 266 267 268 269 270 271 272 273 274 275 276 277 278 279 280 281 282 283 284 285 286 287 288 289 290 291 292 293 294 295 296 297 298 299 300 301 302 303 304 305 306 307 308 384 385 386 387 388 389 390 400 402 403 404 405
1,6,0.0,2851.681,0.0,1267 1311 1312 1338 1339 1340 1341 1342 1348 1349 1350 1351 1352 1353 1354 1355 1356 1357 1358 1359 1360 1361 1362 1363 1364 1367 1368 1369 1370 1371 1372 1373 1374 1375 1376 1377 1378 1379 1380 1381 1382 1383 1384 1385 1386 1387 1388 1389 1390 1391 1392 1393 1394 1395 1396 1397 1398 1399 1400 1401 1402 1403 1404 1405 1406 1407 1408 1409 1410 1411 1412 1413 1414 1415 1416 1417 1418
1,7,0.0,4136.370000000001,0.0,48 51 414 417 1272 1273 1274 1275 1276 1277 1278 1279 1280 1281 1282 1283 1284 1285 1286 1287 1288 1289 1290 1291 1292 1293 1294 1295 1296 1297 1298 1299 1300 1301 1302 1303 1304 1305 1306 1307 1308 1309 1310 1313 1314 1315 1316 1317 1318 1319 1320 1321 1322 1323 1324 1325 1326 1327 1328 1329 1330 1331 1332 1343 1344 1345 1346 1347
1,8,2252.288538224232,7127.425,0.0,369 375 377 378 406 408 409 881 882 883 884 910 911 913 914 915 916 917 919 920 921 1009 1010 1036 1038 1039 1041 1042 1044 1045 1046 1047 1048 1049 1050 1051 1052 1053 1054 1055 1056 1057 1058 1059 1060 1061 1062 1063 1064 1065 1066 1067 1068 1069 1070 1071 1072 1073 1074 1075 1076 1077 1078 1079 1080 1081 1082 1083 1084 1085 1086 1087 1088 1091 1092 1093 1098 1106 1107 1108 1109 1110 1111 1112 1113 1114 1115 1116 1117 1118 1119 1120 1121 1122 1123 1124 1125 1126 1127 1128 1129 1130 1131 1132 1133 1134 1135 1136 1137 1138 1139 1140 1141 1142 1143 1144 1145 1146 1147 1148 1149 1150 1151 1152 1153 1154 1155 1156 1157 1158 1159 1160 1161 1162 1163 1164 1165 1166 1167 1168 1169 1170 1171 1172 1173 1174 1175
1,9,0.0,5690.710999999999,0.0,428 447 448 449 450 451 452 453 454 455 456 457 458 459 460 461 462 463 464 465 466 467 468 469 470 471 1037 1040 1043 1176 1177 1178 1179 1180 1181 1182 1183 1184 1185 1186 1187 1188 1189 1190 1191 1192 1193 1194 1195 1196 1197 1198 1199 1200 1201 1202 1203 1204 1205 1206 1207 1208 1209 1210 1211 1212 1213 1214 1215 1216 1217 1218 1219 1220 1221 1222 1223 1224 1225 1226 1227 1228 1229 1230 1231 1232 1233 1234 1235 1236 1237 1238 1239 1240 1241 1242 1243 1244 1245 1246 1247 1248 1249 1250 1251 1252 1253 1254 1255 1256 1257 1258 1259 1260 1261 1262 1263 1264 1265 1266 1268 1269 1270 1271 1333 1334 1335 1336 1337 1365 1366
2,0,0.0,25820.815000000002,0.0,24 27 106 107 108 109 110 111 112 116 117 118 119 120 121 122 123 124 125 126 127 128 129 130 137 154 155 156 157 158 159 160 161 162 163 166 167 168 169 170 474 475 476 477 478 490 491 492 498 499 500 501 502 503 504 545 546 547 548 549 550 551 552 553 554 555 556 557 558 559 560 561 562 563 564 565 566 567 568 569 570 571 572 573 574 575 576 577 578 579 580 581 582 583 584 585 586 587 588 589 590 591 592 593 594 595 596 597 598 599 600 601 602 603 604 605 606 607 608 609 610 611 612 613 614 615 616 617 618 619 620 621 622 623 624 625 626 627 628 629 630 631 632 633 634 635 636 637 638 639 640 641 642 643 644 645 646 647 648 649 650 651 652 653 654 655 656 657 658 659 660 661 662 663 664 665 666 667 668 669 670 671 672 673 674 675 676 677 678 679 680 681 682 683 684 685 686 687 688 689 690 691 692 693 694 695 696 697 698 699 700 701 702 703 704 705 706 707 708 709 710 711 712 713 714 715 716 717 718 719 720 721 722 723 724 725 726 727 728 729 730 731 732 733 734 735 736 737 738 739 740 741 742 743 744 745 746 747 748 749 750 751 752 753 754 755 756 757 758 759 760 761 762 763 764 765 766 767 768 769 770 771 772 773 775 776 777 778 779 780 781 782 784 785 787 788 789 790 791 792 793 794 795 796 797 798 799 800 801 802 803 804 805 806 807 808 809 810 811 812 813 814 815 816 817 818 819 820 821 822 823 824 825 826 827 828 829 830 831 832 833 834 835 836 837 838 839 840 841 842 843 844 845 846 847 848 849 850 851 852 853 854 855 856 857 858 859 860 861 862 872 889 890 891 892 893 898 899 900 901 902 903 904 905 906 907 908 909 912 953 954
2,1,0.0,4191.971,0.0,0 1 2 3 4 5 6 7 8 9 10 11 12 13 14 15 16 17 18 19 20 21 22 23 25 26 28 29 30 31 32 33 34 35 36 37 38 39 40 41 42 43 44 45 46 47 49 50 75 78
2,2,17612.03626024014,17371.602,0.0,415 416 418 419 420 421 422 423 424 425 426 427 429 430 431 432 433 434 435 436 437 438 439 440 441 442 443 444 445 446 472 473 479 480 481 482 483 484 485 486 487 488 489 493 494 495 496 497 505 506 507 508 509 510 511 512 513 514 515 516 517 518 519 520 521 522 523 524 525 526 527 528 529 530 531 532 533 534 535 536 537 538 539 540 541 542 543 544 774 783 786 885 886 887 888 894 895 896 897 918 922 923 924 925 926 927 928 929 930 931 932 933 934 935 936 937 938 939 940 941 942 943 944 945 946 947 948 949 950 951 952 955 956 957 958 959 960 961 962 963 964 965 966 967 968 969 970 971 972 973 974 975 976 977 978 979 980 981 982 983 984 985 986 987 988 989 990 991 992 993 994 995 996 997 998 999 1000 1001 1002 1003 1004 1005 1006 1007 1008 1011 1012 1013 1014 1015 1016 1017 1018 1019 1020 1021 1022 1023 1024 1025 1026 1027 1028 1029 1030 1031 1032 1033 1034 1035
2,3,0.0,3894.432,0.0,52 53 54 55 56 57 58 59 60 61 62 63 64 65 66 67 68 69 70 71 72 73 74 76 77 79 80 81 82 83 84 85 86 87 88 89 90 91 92 93 94 95 96 97 98 99 100 101 102 103 104 105 113 114 115 131 132 133 134 135 136 218 219 220 221 222 223 224 225
2,4,5318.086337114026,11485.701,0.0,138 139 140 141 142 143 146 147 148 149 150 151 152 153 164 165 171 172 173 174 175 176 177 178 179 180 181 182 183 184 185 186 187 188 189 190 191 192 193 194 195 196 197 198 199 200 201 202 203 204 205 206 207 208 209 210 211 212 213 214 215 216 217 309 310 311 312 313 314 315 316 317 318 319 320 321 322 323 324 325 326 327 328 329 330 331 332 333 334 335 336 337 338 339 340 341 342 343 344 345 346 347 348 349 350 351 352 353 354 355 356 357 358 359 360 361 362 363 364 365 366 367 368 370 371 372 373 374 376 379 380 381 382 383 391 392 393 394 395 396 397 398 399 401 407 410 411 412 413 863 864 865 866 867 868 869 870 871 873 874 875 876 877 878 879 880 1089 1090 1094 1095 1096 1097 1099 1100 1101 1102 1103 1104 1105
2,5,0.0,5027.891,0.0,144 145 226 227 228 229 230 231 232 233 234 235 236 237 238 239 240 241 242 243 244 245 246 247 248 249 250 251 252 253 254 255 256 257 258 259 260 261 262 263 264 265 266 267 268 269 270 271 272 273 274 275 276 277 278 279 280 281 282 283 284 285 286 287 288 289 290 291 292 293 294 295 296 297 298 299 300 301 302 303 304 305 306 307 308 384 385 386 387 388 389 390 400 402 403 404 405
2,6,0.0,2612.9379999999996,0.0,1267 1311 1312 1338 1339 1340 1341 1342 1348 1349 1350 1351 1352 1353 1354 1355 1356 1357 1358 1359 1360 1361 1362 1363 1364 1367 1368 1369 1370 1371 1372 1373 1374 1375 1376 1377 1378 1379 1380 1381 1382 1383 1384 1385 1386 1387 1388 1389 1390 1391 1392 1393 1394 1395 1396 1397 1398 1399 1400 1401 1402 1403 1404 1405 1406 1407 1408 1409 1410 1411 1412 1413 1414 1415 1416 1417 1418
2,7,0.0,4197.627,0.0,48 51 414 417 1272 1273 1274 1275 1276 1277 1278 1279 1280 1281 1282 1283 1284 1285 1286 1287 1288 1289 1290 1291 1292 1293 1294 1295 1296 1297 1298 1299 1300 1301 1302 1303 1304 1305 1306 1307 1308 1309 1310 1313 1314 1315 1316 1317 1318 1319 1320 1321 1322 1323 1324 1325 1326 1327 1328 1329 1330 1331 1332 1343 1344 1345 1346 1347
2,8,1760.0612691121162,8168.277,0.0,369 375 377 378 406 408 409 881 882 883 884 910 911 913 914 915 916 917 919 920 921 1009 1010 1036 1038 1039 1041 1042 1044 1045 1046 1047 1048 1049 1050 1051 1052 1053 1054 1055 1056 1057 1058 1059 1060 1061 1062 1063 1064 1065 1066 1067 1068 1069 1070 1071 1072 1073 1074 1075 1076 1077 1078 1079 1080 1081 1082 1083 1084 1085 1086 1087 1088 1091 1092 1093 1098 1106 1107 1108 1109 1110 1111 1112 1113 1114 1115 1116 1117 1118 1119 1120 1121 1122 1123 1124 1125 1126 1127 1128 1129 1130 1131 1132 1133 1134 1135 1136 1137 1138 1139 1140 1141 1142 1143 1144 1145 1146 1147 1148 1149 1150 1151 1152 1153 1154 1155 1156 1157 1158 1159 1160 1161 1162 1163 1164 1165 1166 1167 1168 1169 1170 1171 1172 1173 1174 1175
2,9,0.0,5735.781,0.0,428 447 448 449 450 451 452 453 454 455 456 457 458 459 460 461 462 463 464 465 466 467 468 469 470 471 1037 1040 1043 1176 1177 1178 1179 1180 1181 1182 1183 1184 1185 1186 1187 1188 1189 1190 1191 1192 1193 1194 1195 1196 1197 1198 1199 1200 1201 1202 1203 1204 1205 1206 1207 1208 1209 1210 1211 1212 1213 1214 1215 1216 1217 1218 1219 1220 1221 1222 1223 1224 1225 1226 1227 1228 1229 1230 1231 1232 1233 1234 1235 1236 1237 1238 1239 1240 1241 1242 1243 1244 1245 1246 1247 1248 1249 1250 1251 1252 1253 1254 1255 1256 1257 1258 1259 1260 1261 1262 1263 1264 1265 1266 1268 1269 1270 1271 1333 1334 1335 1336 1337 1365 1366
3,0,30260.67471081794,27116.654,56750.66869352304,24 27 106 107 108 109 110 111 112 116 117 118 119 120 121 122 123 124 125 126 127 128 129 130 137 154 155 156 157 158 159 160 161 162 163 166 167 168 169 170 474 475 476 477 478 490 491 492 498 499 500 501 502 503 504 545 546 547 548 549 550 551 552 553 554 555 556 557 558 559 560 561 562 563 564 565 566 567 568 569 570 571 572 573 574 575 576 577 578 579 580 581 582 583 584 585 586 587 588 589 590 591 592 593 594 595 596 597 598 599 600 601 602 603 604 605 606 607 608 609 610 611 612 613 614 615 616 617 618 619 620 621 622 623 624 625 626 627 628 629 630 631 632 633 634 635 636 637 638 639 640 641 642 643 644 645 646 647 648 649 650 651 652 653 654 655 656 657 658 659 660 661 662 663 664 665 666 667 668 669 670 671 672 673 674 675 676 677 678 679 680 681 682 683 684 685 686 687 688 689 690 691 692 693 694 695 696 697 698 699 700 701 702 703 704 705 706 707 708 709 710 711 712 713 714 715 716 717 718 719 720 721 722 723 724 725 726 727 728 729 730 731 732 733 734 735 736 737 738 739 740 741 742 743 744 745 746 747 748 749 750 751 752 753 754 755 756 757 758 759 760 761 762 763 764 765 766 767 768 769 770 771 772 773 775 776 777 778 779 780 781 782 784 785 787 788 789 790 791 792 793 794 795 796 797 798 799 800 801 802 803 804 805 806 807 808 809 810 811 812 813 814 815 816 817 818 819 820 821 822 823 824 825 826 827 828 829 830 831 832 833 834 835 836 837 838 839 840 841 842 843 844 845 846 847 848 849 850 851 852 853 854 855 856 857 858 859 860 861 862 872 889 890 891 892 893 898 899 900 901 902 903 904 905 906 907 908 909 912 953 954
3,1,0.0,4762.986,0.0,0 1 2 3 4 5 6 7 8 9 10 11 12 13 14 15 16 17 18 19 20 21 22 23 25 26 28 29 30 31 32 33 34 35 36 37 38 39 40 41 42 43 44 45 46 47 49 50 75 78
3,2,0.0,21208.548000000003,0.0,415 416 418 419 420 421 422 423 424 425 426 427 429 430 431 432 433 434 435 436 437 438 439 440 441 442 443 444 445 446 472 473 479 480 481 482 483 484 485 486 487 488 489 493 494 495 496 497 505 506 507 508 509 510 511 512 513 514 515 516 517 518 519 520 521 522 523 524 525 526 527 528 529 530 531 532 533 534 535 536 537 538 539 540 541 542 543 544 774 783 786 885 886 887 888 894 895 896 897 918 922 923 924 925 926 927 928 929 930 931 932 933 934 935 936 937 938 939 940 941 942 943 944 945 946 947 948 949 950 951 952 955 956 957 958 959 960 961 962 963 964 965 966 967 968 969 970 971 972 973 974 975 976 977 978 979 980 981 982 983 984 985 986 987 988 989 990 991 992 993 994 995 996 997 998 999 1000 1001 1002 1003 1004 1005 1006 1007 1008 1011 1012 1013 1014 1015 1016 1017 1018 1019 1020 1021 1022 1023 1024 1025 1026 1027 1028 1029 1030 1031 1032 1033 1034 1035
3,3,0.0,5037.782999999999,0.0,52 53 54 55 56 57 58 59 60 61 62 63 64 65 66 67 68 69 70 71 72 73 74 76 77 79 80 81 82 83 84 85 86 87 88 89 90 91 92 93 94 95 96 97 98 99 100 101 102 103 104 105 113 114 115 131 132 133 134 135 136 218 219 220 221 222 223 224 225
3,4,0.0,12580.990000000002,0.0,138 139 140 141 142 143 146 147 148 149 150 151 152 153 164 165 171 172 173 174 175 176 177 178 179 180 181 182 183 184 185 186 187 188 189 190 191 192 193 194 195 196 197 198 199 200 201 202 203 204 205 206 207 208 209 210 211 212 213 214 215 216 217 309 310 311 312 313 314 315 316 317 318 319 320 321 322 323 324 325 326 327 328 329 330 331 332 333 334 335 336 337 338 339 340 341 342 343 344 345 346 347 348 349 350 351 352 353 354 355 356 357 358 359 360 361 362 363 364 365 366 367 368 370 371 372 373 374 376 379 380 381 382 383 391 392 393 394 395 396 397 398 399 401 407 410 411 412 413 863 864 865 866 867 868 869 870 871 873 874 875 876 877 878 879 880 1089 1090 1094 1095 1096 1097 1099 1100 1101 1102 1103 1104 1105
3,5,0.0,5599.95,0.0,144 145 226 227 228 229 230 231 232 233 234 235 236 237 238 239 240 241 242 243 244 245 246 247 248 249 250 251 252 253 254 255 256 257 258 259 260 261 262 263 264 265 266 267 268 269 270 271 272 273 274 275 276 277 278 279 280 281 282 283 284 285 286 287 288 289 290 291 292 293 294 295 296 297 298 299 300 301 302 303 304 305 306 307 308 384 385 386 387 388 389 390 400 402 403 404 405
3,6,0.0,4121.689,0.0,1267 1311 1312 1338 1339 1340 1341 1342 1348 1349 1350 1351 1352 1353 1354 1355 1356 1357 1358 1359 1360 1361 1362 1363 1364 1367 1368 1369 1370 1371 1372 1373 1374 1375 1376 1377 1378 1379 1380 1381 1382 1383 1384 1385 1386 1387 1388 1389 1390 1391 1392 1393 1394 1395 1396 1397 1398 1399 1400 1401 1402 1403 1404 1405 1406 1407 1408 1409 1410 1411 1412 1413 1414 1415 1416 1417 1418
3,7,0.0,5171.210999999999,0.0,48 51 414 417 1272 1273 1274 1275 1276 1277 1278 1279 1280 1281 1282 1283 1284 1285 1286 1287 1288 1289 1290 1291 1292 1293 1294 1295 1296 1297 1298 1299 1300 1301 1302 1303 1304 1305 1306 1307 1308 1309 1310 1313 1314 1315 1316 1317 1318 1319 1320 1321 1322 1323 1324 1325 1326 1327 1328 1329 1330 1331 1332 1343 1344 1345 1346 1347
3,8,0.0,9436.111,0.0,369 375 377 378 406 408 409 881 882 883 884 910 911 913 914 915 916 917 919 920 921 1009 1010 1036 1038 1039 1041 1042 1044 1045 1046 1047 1048 1049 1050 1051 1052 1053 1054 1055 1056 1057 1058 1059 1060 1061 1062 1063 1064 1065 1066 1067 1068 1069 1070 1071 1072 1073 1074 1075 1076 1077 1078 1079 1080 1081 1082 1083 1084 1085 1086 1087 1088 1091 1092 1093 1098 1106 1107 1108 1109 1110 1111 1112 1113 1114 1115 1116 1117 1118 1119 1120 1121 1122 1123 1124 1125 1126 1127 1128 1129 1130 1131 1132 1133 1134 1135 1136 1137 1138 1139 1140 1141 1142 1143 1144 1145 1146 1147 1148 1149 1150 1151 1152 1153 1154 1155 1156 1157 1158 1159 1160 1161 1162 1163 1164 1165 1166 1167 1168 1169 1170 1171 1172 1173 1174 1175
3,9,0.0,5930.5650000000005,0.0,428 447 448 449 450 451 452 453 454 455 456 457 458 459 460 461 462 463 464 465 466 467 468 469 470 471 1037 1040 1043 1176 1177 1178 1179 1180 1181 1182 1183 1184 1185 1186 1187 1188 1189 1190 1191 1192 1193 1194 1195 1196 1197 1198 1199 1200 1201 1202 1203 1204 1205 1206 1207 1208 1209 1210 1211 1212 1213 1214 1215 1216 1217 1218 1219 1220 1221 1222 1223 1224 1225 1226 1227 1228 1229 1230 1231 1232 1233 1234 1235 1236 1237 1238 1239 1240 1241 1242 1243 1244 1245 1246 1247 1248 1249 1250 1251 1252 1253 1254 1255 1256 1257 1258 1259 1260 1261 1262 1263 1264 1265 1266 1268 1269 1270 1271 1333 1334 1335 1336 1337 1365 1366
4,0,0.0,32424.32,0.0,24 27 106 107 108 109 110 111 112 116 117 118 119 120 121 122 123 124 125 126 127 128 129 130 137 154 155 156 157 158 159 160 161 162 163 166 167 168 169 170 474 475 476 477 478 490 491 492 498 499 500 501 502 503 504 545 546 547 548 549 550 551 552 553 554 555 556 557 558 559 560 561 562 563 564 565 566 567 568 569 570 571 572 573 574 575 576 577 578 579 580 581 582 583 584 585 586 587 588 589 590 591 592 593 594 595 596 597 598 599 600 601 602 603 604 605 606 607 608 609 610 611 612 613 614 615 616 617 618 619 620 621 622 623 624 625 626 627 628 629 630 631 632 633 634 635 636 637 638 639 640 641 642 643 644 645 646 647 648 649 650 651 652 653 654 655 656 657 658 659 660 661 662 663 664 665 666 667 668 669 670 671 672 673 674 675 676 677 678 679 680 681 682 683 684 685 686 687 688 689 690 691 692 693 694 695 696 697 698 699 700 701 702 703 704 705 706 707 708 709 710 711 712 713 714 715 716 717 718 719 720 721 722 723 724 725 726 727 728 729 730 731 732 733 734 735 736 737 738 739 740 741 742 743 744 745 746 747 748 749 750 751 752 753 754 755 756 757 758 759 760 761 762 763 764 765 766 767 768 769 770 771 772 773 775 776 777 778 779 780 781 782 784 785 787 788 789 790 791 792 793 794 795 796 797 798 799 800 801 802 803 804 805 806 807 808 809 810 811 812 813 814 815 816 817 818 819 820 821 822 823 824 825 826 827 828 829 830 831 832 833 834 835 836 837 838 839 840 841 842 843 844 845 846 847 848 849 850 851 852 853 854 855 856 857 858 859 860 861 862 872 889 890 891 892 893 898 899 900 901 902 903 904 905 906 907 908 909 912 953 954
4,1,0.0,5917.524,0.0,0 1 2 3 4 5 6 7 8 9 10 11 12 13 14 15 16 17 18 19 20 21 22 23 25 26 28 29 30 31 32 33 34 35 36 37 38 39 40 41 42 43 44 45 46 47 49 50 75 78
4,2,12532.350866916186,21462.360999999997,21881.726733832384,415 416 418 419 420 421 422 423 424 425 426 427 429 430 431 432 433 434 435 436 437 438 439 440 441 442 443 444 445 446 472 473 479 480 481 482 483 484 485 486 487 488 489 493 494 495 496 497 505 506 507 508 509 510 511 512 513 514 515 516 517 518 519 520 521 522 523 524 525 526 527 528 529 530 531 532 533 534 535 536 537 538 539 540 541 542 543 544 774 783 786 885 886 887 888 894 895 896 897 918 922 923 924 925 926 927 928 929 930 931 932 933 934 935 936 937 938 939 940 941 942 943 944 945 946 947 948 949 950 951 952 955 956 957 958 959 960 961 962 963 964 965 966 967 968 969 970 971 972 973 974 975 976 977 978 979 980 981 982 983 984 985 986 987 988 989 990 991 992 993 994 995 996 997 998 999 1000 1001 1002 1003 1004 1005 1006 1007 1008 1011 1012 1013 1014 1015 1016 1017 1018 1019 1020 1021 1022 1023 1024 1025 1026 1027 1028 1029 1030 1031 1032 1033 1034 1035
4,3,0.0,6313.221,0.0,52 53 54 55 56 57 58 59 60 61 62 63 64 65 66 67 68 69 70 71 72 73 74 76 77 79 80 81 82 83 84 85 86 87 88 89 90 91 92 93 94 95 96 97 98 99 100 101 102 103 104 105 113 114 115 131 132 133 134 135 136 218 219 220 221 222 223 224 225
4,4,9348.862465920665,14620.471,0.0,138 139 140 141 142 143 146 147 148 149 150 151 152 153 164 165 171 172 173 174 175 176 177 178 179 180 181 182 183 184 185 186 187 188 189 190 191 192 193 194 195 196 197 198 199 200 201 202 203 204 205 206 207 208 209 210 211 212 213 214 215 216 217 309 310 311 312 313 314 315 316 317 318 319 320 321 322 323 324 325 326 327 328 329 330 331 332 333 334 335 336 337 338 339 340 341 342 343 344 345 346 347 348 349 350 351 352 353 354 355 356 357 358 359 360 361 362 363 364 365 366 367 368 370 371 372 373 374 376 379 380 381 382 383 391 392 393 394 395 396 397 398 399 401 407 410 411 412 413 863 864 865 866 867 868 869 870 871 873 874 875 876 877 878 879 880 1089 1090 1094 1095 1096 1097 1099 1100 1101 1102 1103 1104 1105
4,5,0.0,6519.950000000001,0.0,144 145 226 227 228 229 230 231 232 233 234 235 236 237 238 239 240 241 242 243 244 245 246 247 248 249 250 251 252 253 254 255 256 257 258 259 260 261 262 263 264 265 266 267 268 269 270 271 272 273 274 275 276 277 278 279 280 281 282 283 284 285 286 287 288 289 290 291 292 293 294 295 296 297 298 299 300 301 302 303 304 305 306 307 308 384 385 386 387 388 389 390 400 402 403 404 405
4,6,0.0,4912.609,0.0,1267 1311 1312 1338 1339 1340 1341 1342 1348 1349 1350 1351 1352 1353 1354 1355 1356 1357 1358 1359 1360 1361 1362 1363 1364 1367 1368 1369 1370 1371 1372 1373 1374 1375 1376 1377 1378 1379 1380 1381 1382 1383 1384 1385 1386 1387 1388 1389 1390 1391 1392 1393 1394 1395 1396 1397 1398 1399 1400 1401 1402 1403 1404 1405 1406 1407 1408 1409 1410 1411 1412 1413 1414 1415 1416 1417 1418
4,7,0.0,5056.571,0.0,48 51 414 417 1272 1273 1274 1275 1276 1277 1278 1279 1280 1281 1282 1283 1284 1285 1286 1287 1288 1289 1290 1291 1292 1293 1294 1295 1296 1297 1298 1299 1300 1301 1302 1303 1304 1305 1306 1307 1308 1309 1310 1313 1314 1315 1316 1317 1318 1319 1320 1321 1322 1323 1324 1325 1326 1327 1328 1329 1330 1331 1332 1343 1344 1345 1346 1347
4,8,0.0,9586.226999999999,0.0,369 375 377 378 406 408 409 881 882 883 884 910 911 913 914 915 916 917 919 920 921 1009 1010 1036 1038 1039 1041 1042 1044 1045 1046 1047 1048 1049 1050 1051 1052 1053 1054 1055 1056 1057 1058 1059 1060 1061 1062 1063 1064 1065 1066 1067 1068 1069 1070 1071 1072 1073 1074 1075 1076 1077 1078 1079 1080 1081 1082 1083 1084 1085 1086 1087 1088 1091 1092 1093 1098 1106 1107 1108 1109 1110 1111 1112 1113 1114 1115 1116 1117 1118 1119 1120 1121 1122 1123 1124 1125 1126 1127 1128 1129 1130 1131 1132 1133 1134 1135 1136 1137 1138 1139 1140 1141 1142 1143 1144 1145 1146 1147 1148 1149 1150 1151 1152 1153 1154 1155 1156 1157 1158 1159 1160 1161 1162 1163 1164 1165 1166 1167 1168 1169 1170 1171 1172 1173 1174 1175
4,9,0.0,7192.392,0.0,428 447 448 449 450 451 452 453 454 455 456 457 458 459 460 461 462 463 464 465 466 467 468 469 470 471 1037 1040 1043 1176 1177 1178 1179 1180 1181 1182 1183 1184 1185 1186 1187 1188 1189 1190 1191 1192 1193 1194 1195 1196 1197 1198 1199 1200 1201 1202 1203 1204 1205 1206 1207 1208 1209 1210 1211 1212 1213 1214 1215 1216 1217 1218 1219 1220 1221 1222 1223 1224 1225 1226 1227 1228 1229 1230 1231 1232 1233 1234 1235 1236 1237 1238 1239 1240 1241 1242 1243 1244 1245 1246 1247 1248 1249 1250 1251 1252 1253 1254 1255 1256 1257 1258 1259 1260 1261 1262 1263 1264 1265 1266 1268 1269 1270 1271 1333 1334 1335 1336 1337 1365 1366
5,0,0.0,40394.61799999998,38230.97271081791,24 27 106 107 108 109 110 111 112 116 117 118 119 120 121 122 123 124 125 126 127 128 129 130 137 154 155 156 157 158 159 160 161 162 163 166 167 168 169 170 474 475 476 477 478 490 491 492 498 499 500 501 502 503 504 545 546 547 548 549 550 551 552 553 554 555 556 557 558 559 560 561 562 563 564 565 566 567 568 569 570 571 572 573 574 575 576 577 578 579 580 581 582 583 584 585 586 587 588 589 590 591 592 593 594 595 596 597 598 599 600 601 602 603 604 605 606 607 608 609 610 611 612 613 614 615 616 617 618 619 620 621 622 623 624 625 626 627 628 629 630 631 632 633 634 635 636 637 638 639 640 641 642 643 644 645 646 647 648 649 650 651 652 653 654 655 656 657 658 659 660 661 662 663 664 665 666 667 668 669 670 671 672 673 674 675 676 677 678 679 680 681 682 683 684 685 686 687 688 689 690 691 692 693 694 695 696 697 698 699 700 701 702 703 704 705 706 707 708 709 710 711 712 713 714 715 716 717 718 719 720 721 722 723 724 725 726 727 728 729 730 731 732 733 734 735 736 737 738 739 740 741 742 743 744 745 746 747 748 749 750 751 752 753 754 755 756 757 758 759 760 761 762 763 764 765 766 767 768 769 770 771 772 773 775 776 777 778 779 780 781 782 784 785 787 788 789 790 791 792 793 794 795 796 797 798 799 800 801 802 803 804 805 806 807 808 809 810 811 812 813 814 815 816 817 818 819 820 821 822 823 824 825 826 827 828 829 830 831 832 833 834 835 836 837 838 839 840 841 842 843 844 845 846 847 848 849 850 851 852 853 854 855 856 857 858 859 860 861 862 872 889 890 891 892 893 898 899 900 901 902 903 904 905 906 907 908 909 912 953 954
5,1,0.0,7959.802,0.0,0 1 2 3 4 5 6 7 8 9 10 11 12 13 14 15 16 17 18 19 20 21 22 23 25 26 28 29 30 31 32 33 34 35 36 37 38 39 40 41 42 43 44 45 46 47 49 50 75 78
5,2,0.0,24645.33599999999,0.0,415 416 418 419 420 421 422 423 424 425 426 427 429 430 431 432 433 434 435 436 437 438 439 440 441 442 443 444 445 446 472 473 479 480 481 482 483 484 485 486 487 488 489 493 494 495 496 497 505 506 507 508 509 510 511 512 513 514 515 516 517 518 519 520 521 522 523 524 525 526 527 528 529 530 531 532 533 534 535 536 537 538 539 540 541 542 543 544 774 783 786 885 886 887 888 894 895 896 897 918 922 923 924 925 926 927 928 929 930 931 932 933 934 935 936 937 938 939 940 941 942 943 944 945 946 947 948 949 950 951 952 955 956 957 958 959 960 961 962 963 964 965 966 967 968 969 970 971 972 973 974 975 976 977 978 979 980 981 982 983 984 985 986 987 988 989 990 991 992 993 994 995 996 997 998 999 1000 1001 1002 1003 1004 1005 1006 1007 1008 1011 1012 1013 1014 1015 1016 1017 1018 1019 1020 1021 1022 1023 1024 1025 1026 1027 1028 1029 1030 1031 1032 1033 1034 1035
5,3,0.0,8996.006000000001,0.0,52 53 54 55 56 57 58 59 60 61 62 63 64 65 66 67 68 69 70 71 72 73 74 76 77 79 80 81 82 83 84 85 86 87 88 89 90 91 92 93 94 95 96 97 98 99 100 101 102 103 104 105 113 114 115 131 132 133 134 135 136 218 219 220 221 222 223 224 225
5,4,15171.673931841324,18146.521999999997,0.0,138 139 140 141 142 143 146 147 148 149 150 151 152 153 164 165 171 172 173 174 175 176 177 178 179 180 181 182 183 184 185 186 187 188 189 190 191 192 193 194 195 196 197 198 199 200 201 202 203 204 205 206 207 208 209 210 211 212 213 214 215 216 217 309 310 311 312 313 314 315 316 317 318 319 320 321 322 323 324 325 326 327 328 329 330 331 332 333 334 335 336 337 338 339 340 341 342 343 344 345 346 347 348 349 350 351 352 353 354 355 356 357 358 359 360 361 362 363 364 365 366 367 368 370 371 372 373 374 376 379 380 381 382 383 391 392 393 394 395 396 397 398 399 401 407 410 411 412 413 863 864 865 866 867 868 869 870 871 873 874 875 876 877 878 879 880 1089 1090 1094 1095 1096 1097 1099 1100 1101 1102 1103 1104 1105
5,5,0.0,7976.480999999999,0.0,144 145 226 227 228 229 230 231 232 233 234 235 236 237 238 239 240 241 242 243 244 245 246 247 248 249 250 251 252 253 254 255 256 257 258 259 260 261 262 263 264 265 266 267 268 269 270 271 272 273 274 275 276 277 278 279 280 281 282 283 284 285 286 287 288 289 290 291 292 293 294 295 296 297 298 299 300 301 302 303 304 305 306 307 308 384 385 386 387 388 389 390 400 402 403 404 405
5,6,0.0,5201.464000000002,0.0,1267 1311 1312 1338 1339 1340 1341 1342 1348 1349 1350 1351 1352 1353 1354 1355 1356 1357 1358 1359 1360 1361 1362 1363 1364 1367 1368 1369 1370 1371 1372 1373 1374 1375 1376 1377 1378 1379 1380 1381 1382 1383 1384 1385 1386 1387 1388 1389 1390 1391 1392 1393 1394 1395 1396 1397 1398 1399 1400 1401 1402 1403 1404 1405 1406 1407 1408 1409 1410 1411 1412 1413 1414 1415 1416 1417 1418
5,7,55537.616394791665,6898.887,0.0,48 51 414 417 1272 1273 1274 1275 1276 1277 1278 1279 1280 1281 1282 1283 1284 1285 1286 1287 1288 1289 1290 1291 1292 1293 1294 1295 1296 1297 1298 1299 1300 1301 1302 1303 1304 1305 1306 1307 1308 1309 1310 1313 1314 1315 1316 1317 1318 1319 1320 1321 1322 1323 1324 1325 1326 1327 1328 1329 1330 1331 1332 1343 1344 1345 1346 1347
5,8,0.0,12901.381000000003,0.0,369 375 377 378 406 408 409 881 882 883 884 910 911 913 914 915 916 917 919 920 921 1009 1010 1036 1038 1039 1041 1042 1044 1045 1046 1047 1048 1049 1050 1051 1052 1053 1054 1055 1056 1057 1058 1059 1060 1061 1062 1063 1064 1065 1066 1067 1068 1069 1070 1071 1072 1073 1074 1075 1076 1077 1078 1079 1080 1081 1082 1083 1084 1085 1086 1087 1088 1091 1092 1093 1098 1106 1107 1108 1109 1110 1111 1112 1113 1114 1115 1116 1117 1118 1119 1120 1121 1122 1123 1124 1125 1126 1127 1128 1129 1130 1131 1132 1133 1134 1135 1136 1137 1138 1139 1140 1141 1142 1143 1144 1145 1146 1147 1148 1149 1150 1151 1152 1153 1154 1155 1156 1157 1158 1159 1160 1161 1162 1163 1164 1165 1166 1167 1168 1169 1170 1171 1172 1173 1174 1175
5,9,0.0,11021.828999999996,0.0,428 447 448 449 450 451 452 453 454 455 456 457 458 459 460 461 462 463 464 465 466 467 468 469 470 471 1037 1040 1043 1176 1177 1178 1179 1180 1181 1182 1183 1184 1185 1186 1187 1188 1189 1190 1191 1192 1193 1194 1195 1196 1197 1198 1199 1200 1201 1202 1203 1204 1205 1206 1207 1208 1209 1210 1211 1212 1213 1214 1215 1216 1217 1218 1219 1220 1221 1222 1223 1224 1225 1226 1227 1228 1229 1230 1231 1232 1233 1234 1235 1236 1237 1238 1239 1240 1241 1242 1243 1244 1245 1246 1247 1248 1249 1250 1251 1252 1253 1254 1255 1256 1257 1258 1259 1260 1261 1262 1263 1264 1265 1266 1268 1269 1270 1271 1333 1334 1335 1336 1337 1365 1366
6,0,0.0,48014.941999999945,45851.29671081787,24 27 106 107 108 109 110 111 112 116 117 118 119 120 121 122 123 124 125 126 127 128 129 130 137 154 155 156 157 158 159 160 161 162 163 166 167 168 169 170 474 475 476 477 478 490 491 492 498 499 500 501 502 503 504 545 546 547 548 549 550 551 552 553 554 555 556 557 558 559 560 561 562 563 564 565 566 567 568 569 570 571 572 573 574 575 576 577 578 579 580 581 582 583 584 585 586 587 588 589 590 591 592 593 594 595 596 597 598 599 600 601 602 603 604 605 606 607 608 609 610 611 612 613 614 615 616 617 618 619 620 621 622 623 624 625 626 627 628 629 630 631 632 633 634 635 636 637 638 639 640 641 642 643 644 645 646 647 648 649 650 651 652 653 654 655 656 657 658 659 660 661 662 663 664 665 666 667 668 669 670 671 672 673 674 675 676 677 678 679 680 681 682 683 684 685 686 687 688 689 690 691 692 693 694 695 696 697 698 699 700 701 702 703 704 705 706 707 708 709 710 711 712 713 714 715 716 717 718 719 720 721 722 723 724 725 726 727 728 729 730 731 732 733 734 735 736 737 738 739 740 741 742 743 744 745 746 747 748 749 750 751 752 753 754 755 756 757 758 759 760 761 762 763 764 765 766 767 768 769 770 771 772 773 775 776 777 778 779 780 781 782 784 785 787 788 789 790 791 792 793 794 795 796 797 798 799 800 801 802 803 804 805 806 807 808 809 810 811 812 813 814 815 816 817 818 819 820 821 822 823 824 825 826 827 828 829 830 831 832 833 834 835 836 837 838 839 840 841 842 843 844 845 846 847 848 849 850 851 852 853 854 855 856 857 858 859 860 861 862 872 889 890 891 892 893 898 899 900 901 902 903 904 905 906 907 908 909 912 953 954
6,1,0.0,9477.591,0.0,0 1 2 3 4 5 6 7 8 9 10 11 12 13 14 15 16 17 18 19 20 21 22 23 25 26 28 29 30 31 32 33 34 35 36 37 38 39 40 41 42 43 44 45 46 47 49 50 75 78
6,2,53205.93065916575,31890.278000000002,72983.22352608196,415 416 418 419 420 421 422 423 424 425 426 427 429 430 431 432 433 434 435 436 437 438 439 440 441 442 443 444 445 446 472 473 479 480 481 482 483 484 485 486 487 488 489 493 494 495 496 497 505 506 507 508 509 510 511 512 513 514 515 516 517 518 519 520 521 522 523 524 525 526 527 528 529 530 531 532 533 534 535 536 537 538 539 540 541 542 543 544 774 783 786 885 886 887 888 894 895 896 897 918 922 923 924 925 926 927 928 929 930 931 932 933 934 935 936 937 938 939 940 941 942 943 944 945 946 947 948 949 950 951 952 955 956 957 958 959 960 961 962 963 964 965 966 967 968 969 970 971 972 973 974 975 976 977 978 979 980 981 982 983 984 985 986 987 988 989 990 991 992 993 994 995 996 997 998 999 1000 1001 1002 1003 1004 1005 1006 1007 1008 1011 1012 1013 1014 1015 1016 1017 1018 1019 1020 1021 1022 1023 1024 1025 1026 1027 1028 1029 1030 1031 1032 1033 1034 1035
6,3,0.0,11266.972999999998,0.0,52 53 54 55 56 57 58 59 60 61 62 63 64 65 66 67 68 69 70 71 72 73 74 76 77 79 80 81 82 83 84 85 86 87 88 89 90 91 92 93 94 95 96 97 98 99 100 101 102 103 104 105 113 114 115 131 132 133 134 135 136 218 219 220 221 222 223 224 225
6,4,16064.93639776198,23076.071,0.0,138 139 140 141 142 143 146 147 148 149 150 151 152 153 164 165 171 172 173 174 175 176 177 178 179 180 181 182 183 184 185 186 187 188 189 190 191 192 193 194 195 196 197 198 199 200 201 202 203 204 205 206 207 208 209 210 211 212 213 214 215 216 217 309 310 311 312 313 314 315 316 317 318 319 320 321 322 323 324 325 326 327 328 329 330 331 332 333 334 335 336 337 338 339 340 341 342 343 344 345 346 347 348 349 350 351 352 353 354 355 356 357 358 359 360 361 362 363 364 365 366 367 368 370 371 372 373 374 376 379 380 381 382 383 391 392 393 394 395 396 397 398 399 401 407 410 411 412 413 863 864 865 866 867 868 869 870 871 873 874 875 876 877 878 879 880 1089 1090 1094 1095 1096 1097 1099 1100 1101 1102 1103 1104 1105
6,5,0.0,10281.607000000002,0.0,144 145 226 227 228 229 230 231 232 233 234 235 236 237 238 239 240 241 242 243 244 245 246 247 248 249 250 251 252 253 254 255 256 257 258 259 260 261 262 263 264 265 266 267 268 269 270 271 272 273 274 275 276 277 278 279 280 281 282 283 284 285 286 287 288 289 290 291 292 293 294 295 296 297 298 299 300 301 302 303 304 305 306 307 308 384 385 386 387 388 389 390 400 402 403 404 405
6,6,55537.616394791665,6220.024000000001,0.0,1267 1311 1312 1338 1339 1340 1341 1342 1348 1349 1350 1351 1352 1353 1354 1355 1356 1357 1358 1359 1360 1361 1362 1363 1364 1367 1368 1369 1370 1371 1372 1373 1374 1375 1376 1377 1378 1379 1380 1381 1382 1383 1384 1385 1386 1387 1388 1389 1390 1391 1392 1393 1394 1395 1396 1397 1398 1399 1400 1401 1402 1403 1404 1405 1406 1407 1408 1409 1410 1411 1412 1413 1414 1415 1416 1417 1418
6,7,0.0,8998.541999999998,0.0,48 51 414 417 1272 1273 1274 1275 1276 1277 1278 1279 1280 1281 1282 1283 1284 1285 1286 1287 1288 1289 1290 1291 1292 1293 1294 1295 1296 1297 1298 1299 1300 1301 1302 1303 1304 1305 1306 1307 1308 1309 1310 1313 1314 1315 1316 1317 1318 1319 1320 1321 1322 1323 1324 1325 1326 1327 1328 1329 1330 1331 1332 1343 1344 1345 1346 1347
6,8,7093.515685828152,16444.508,0.0,369 375 377 378 406 408 409 881 882 883 884 910 911 913 914 915 916 917 919 920 921 1009 1010 1036 1038 1039 1041 1042 1044 1045 1046 1047 1048 1049 1050 1051 1052 1053 1054 1055 1056 1057 1058 1059 1060 1061 1062 1063 1064 1065 1066 1067 1068 1069 1070 1071 1072 1073 1074 1075 1076 1077 1078 1079 1080 1081 1082 1083 1084 1085 1086 1087 1088 1091 1092 1093 1098 1106 1107 1108 1109 1110 1111 1112 1113 1114 1115 1116 1117 1118 1119 1120 1121 1122 1123 1124 1125 1126 1127 1128 1129 1130 1131 1132 1133 1134 1135 1136 1137 1138 1139 1140 1141 1142 1143 1144 1145 1146 1147 1148 1149 1150 1151 1152 1153 1154 1155 1156 1157 1158 1159 1160 1161 1162 1163 1164 1165 1166 1167 1168 1169 1170 1171 1172 1173 1174 1175
6,9,0.0,13209.633,0.0,428 447 448 449 450 451 452 453 454 455 456 457 458 459 460 461 462 463 464 465 466 467 468 469 470 471 1037 1040 1043 1176 1177 1178 1179 1180 1181 1182 1183 1184 1185 1186 1187 1188 1189 1190 1191 1192 1193 1194 1195 1196 1197 1198 1199 1200 1201 1202 1203 1204 1205 1206 1207 1208 1209 1210 1211 1212 1213 1214 1215 1216 1217 1218 1219 1220 1221 1222 1223 1224 1225 1226 1227 1228 1229 1230 1231 1232 1233 1234 1235 1236 1237 1238 1239 1240 1241 1242 1243 1244 1245 1246 1247 1248 1249 1250 1251 1252 1253 1254 1255 1256 1257 1258 1259 1260 1261 1262 1263 1264 1265 1266 1268 1269 1270 1271 1333 1334 1335 1336 1337 1365 1366
7,0,0.0,62411.47800000002,60247.832710817944,24 27 106 107 108 109 110 111 112 116 117 118 119 120 121 122 123 124 125 126 127 128 129 130 137 154 155 156 157 158 159 160 161 162 163 166 167 168 169 170 474 475 476 477 478 490 491 492 498 499 500 501 502 503 504 545 546 547 548 549 550 551 552 553 554 555 556 557 558 559 560 561 562 563 564 565 566 567 568 569 570 571 572 573 574 575 576 577 578 579 580 581 582 583 584 585 586 587 588 589 590 591 592 593 594 595 596 597 598 599 600 601 602 603 604 605 606 607 608 609 610 611 612 613 614 615 616 617 618 619 620 621 622 623 624 625 626 627 628 629 630 631 632 633 634 635 636 637 638 639 640 641 642 643 644 645 646 647 648 649 650 651 652 653 654 655 656 657 658 659 660 661 662 663 664 665 666 667 668 669 670 671 672 673 674 675 676 677 678 679 680 681 682 683 684 685 686 687 688 689 690 691 692 693 694 695 696 697 698 699 700 701 702 703 704 705 706 707 708 709 710 711 712 713 714 715 716 717 718 719 720 721 722 723 724 725 726 727 728 729 730 731 732 733 734 735 736 737 738 739 740 741 742 743 744 745 746 747 748 749 750 751 752 753 754 755 756 757 758 759 760 761 762 763 764 765 766 767 768 769 770 771 772 773 775 776 777 778 779 780 781 782 784 785 787 788 789 790 791 792 793 794 795 796 797 798 799 800 801 802 803 804 805 806 807 808 809 810 811 812 813 814 815 816 817 818 819 820 821 822 823 824 825 826 827 828 829 830 831 832 833 834 835 836 837 838 839 840 841 842 843 844 845 846 847 848 849 850 851 852 853 854 855 856 857 858 859 860 861 862 872 889 890 891 892 893 898 899 900 901 902 903 904 905 906 907 908 909 912 953 954
7,1,0.0,12562.890000000003,0.0,0 1 2 3 4 5 6 7 8 9 10 11 12 13 14 15 16 17 18 19 20 21 22 23 25 26 28 29 30 31 32 33 34 35 36 37 38 39 40 41 42 43 44 45 46 47 49 50 75 78
7,2,27279.84679224957,38039.06899999998,0.0,415 416 418 419 420 421 422 423 424 425 426 427 429 430 431 432 433 434 435 436 437 438 439 440 441 442 443 444 445 446 472 473 479 480 481 482 483 484 485 486 487 488 489 493 494 495 496 497 505 506 507 508 509 510 511 512 513 514 515 516 517 518 519 520 521 522 523 524 525 526 527 528 529 530 531 532 533 534 535 536 537 538 539 540 541 542 543 544 774 783 786 885 886 887 888 894 895 896 897 918 922 923 924 925 926 927 928 929 930 931 932 933 934 935 936 937 938 939 940 941 942 943 944 945 946 947 948 949 950 951 952 955 956 957 958 959 960 961 962 963 964 965 966 967 968 969 970 971 972 973 974 975 976 977 978 979 980 981 982 983 984 985 986 987 988 989 990 991 992 993 994 995 996 997 998 999 1000 1001 1002 1003 1004 1005 1006 1007 1008 1011 1012 1013 1014 1015 1016 1017 1018 1019 1020 1021 1022 1023 1024 1025 1026 1027 1028 1029 1030 1031 1032 1033 1034 1035
7,3,0.0,13121.248999999998,0.0,52 53 54 55 56 57 58 59 60 61 62 63 64 65 66 67 68 69 70 71 72 73 74 76 77 79 80 81 82 83 84 85 86 87 88 89 90 91 92 93 94 95 96 97 98 99 100 101 102 103 104 105 113 114 115 131 132 133 134 135 136 218 219 220 221 222 223 224 225
7,4,10061.458863682637,29972.810999999998,0.0,138 139 140 141 142 143 146 147 148 149 150 151 152 153 164 165 171 172 173 174 175 176 177 178 179 180 181 182 183 184 185 186 187 188 189 190 191 192 193 194 195 196 197 198 199 200 201 202 203 204 205 206 207 208 209 210 211 212 213 214 215 216 217 309 310 311 312 313 314 315 316 317 318 319 320 321 322 323 324 325 326 327 328 329 330 331 332 333 334 335 336 337 338 339 340 341 342 343 344 345 346 347 348 349 350 351 352 353 354 355 356 357 358 359 360 361 362 363 364 365 366 367 368 370 371 372 373 374 376 379 380 381 382 383 391 392 393 394 395 396 397 398 399 401 407 410 411 412 413 863 864 865 866 867 868 869 870 871 873 874 875 876 877 878 879 880 1089 1090 1094 1095 1096 1097 1099 1100 1101 1102 1103 1104 1105
7,5,0.0,13970.216999999993,0.0,144 145 226 227 228 229 230 231 232 233 234 235 236 237 238 239 240 241 242 243 244 245 246 247 248 249 250 251 252 253 254 255 256 257 258 259 260 261 262 263 264 265 266 267 268 269 270 271 272 273 274 275 276 277 278 279 280 281 282 283 284 285 286 287 288 289 290 291 292 293 294 295 296 297 298 299 300 301 302 303 304 305 306 307 308 384 385 386 387 388 389 390 400 402 403 404 405
7,6,0.0,8082.910999999998,0.0,1267 1311 1312 1338 1339 1340 1341 1342 1348 1349 1350 1351 1352 1353 1354 1355 1356 1357 1358 1359 1360 1361 1362 1363 1364 1367 1368 1369 1370 1371 1372 1373 1374 1375 1376 1377 1378 1379 1380 1381 1382 1383 1384 1385 1386 1387 1388 1389 1390 1391 1392 1393 1394 1395 1396 1397 1398 1399 1400 1401 1402 1403 1404 1405 1406 1407 1408 1409 1410 1411 1412 1413 1414 1415 1416 1417 1418
7,7,0.0,10910.943000000001,0.0,48 51 414 417 1272 1273 1274 1275 1276 1277 1278 1279 1280 1281 1282 1283 1284 1285 1286 1287 1288 1289 1290 1291 1292 1293 1294 1295 1296 1297 1298 1299 1300 1301 1302 1303 1304 1305 1306 1307 1308 1309 1310 1313 1314 1315 1316 1317 1318 1319 1320 1321 1322 1323 1324 1325 1326 1327 1328 1329 1330 1331 1332 1343 1344 1345 1346 1347
7,8,10657.040334289417,23047.118000000017,0.0,369 375 377 378 406 408 409 881 882 883 884 910 911 913 914 915 916 917 919 920 921 1009 1010 1036 1038 1039 1041 1042 1044 1045 1046 1047 1048 1049 1050 1051 1052 1053 1054 1055 1056 1057 1058 1059 1060 1061 1062 1063 1064 1065 1066 1067 1068 1069 1070 1071 1072 1073 1074 1075 1076 1077 1078 1079 1080 1081 1082 1083 1084 1085 1086 1087 1088 1091 1092 1093 1098 1106 1107 1108 1109 1110 1111 1112 1113 1114 1115 1116 1117 1118 1119 1120 1121 1122 1123 1124 1125 1126 1127 1128 1129 1130 1131 1132 1133 1134 1135 1136 1137 1138 1139 1140 1141 1142 1143 1144 1145 1146 1147 1148 1149 1150 1151 1152 1153 1154 1155 1156 1157 1158 1159 1160 1161 1162 1163 1164 1165 1166 1167 1168 1169 1170 1171 1172 1173 1174 1175
7,9,0.0,16574.393999999997,0.0,428 447 448 449 450 451 452 453 454 455 456 457 458 459 460 461 462 463 464 465 466 467 468 469 470 471 1037 1040 1043 1176 1177 1178 1179 1180 1181 1182 1183 1184 1185 1186 1187 1188 1189 1190 1191 1192 1193 1194 1195 1196 1197 1198 1199 1200 1201 1202 1203 1204 1205 1206 1207 1208 1209 1210 1211 1212 1213 1214 1215 1216 1217 1218 1219 1220 1221 1222 1223 1224 1225 1226 1227 1228 1229 1230 1231 1232 1233 1234 1235 1236 1237 1238 1239 1240 1241 1242 1243 1244 1245 1246 1247 1248 1249 1250 1251 1252 1253 1254 1255 1256 1257 1258 1259 1260 1261 1262 1263 1264 1265 1266 1268 1269 1270 1271 1333 1334 1335 1336 1337 1365 1366
8,0,0.0,76030.79399999994,71984.4111986463,24 27 106 107 108 109 110 111 112 116 117 118 119 120 121 122 123 124 125 126 127 128 129 130 137 154 155 156 157 158 159 160 161 162 163 166 167 168 169 170 474 475 476 477 478 490 491 492 498 499 500 501 502 503 504 545 546 547 548 549 550 551 552 553 554 555 556 557 558 559 560 561 562 563 564 565 566 567 568 569 570 571 572 573 574 575 576 577 578 579 580 581 582 583 584 585 586 587 588 589 590 591 592 593 594 595 596 597 598 599 600 601 602 603 604 605 606 607 608 609 610 611 612 613 614 615 616 617 618 619 620 621 622 623 624 625 626 627 628 629 630 631 632 633 634 635 636 637 638 639 640 641 642 643 644 645 646 647 648 649 650 651 652 653 654 655 656 657 658 659 660 661 662 663 664 665 666 667 668 669 670 671 672 673 674 675 676 677 678 679 680 681 682 683 684 685 686 687 688 689 690 691 692 693 694 695 696 697 698 699 700 701 702 703 704 705 706 707 708 709 710 711 712 713 714 715 716 717 718 719 720 721 722 723 724 725 726 727 728 729 730 731 732 733 734 735 736 737 738 739 740 741 742 743 744 745 746 747 748 749 750 751 752 753 754 755 756 757 758 759 760 761 762 763 764 765 766 767 768 769 770 771 772 773 775 776 777 778 779 780 781 782 784 785 787 788 789 790 791 792 793 794 795 796 797 798 799 800 801 802 803 804 805 806 807 808 809 810 811 812 813 814 815 816 817 818 819 820 821 822 823 824 825 826 827 828 829 830 831 832 833 834 835 836 837 838 839 840 841 842 843 844 845 846 847 848 849 850 851 852 853 854 855 856 857 858 859 860 861 862 872 889 890 891 892 893 898 899 900 901 902 903 904 905 906 907 908 909 912 953 954
8,1,55537.616394791665,15802.392000000002,0.0,0 1 2 3 4 5 6 7 8 9 10 11 12 13 14 15 16 17 18 19 20 21 22 23 25 26 28 29 30 31 32 33 34 35 36 37 38 39 40 41 42 43 44 45 46 47 49 50 75 78
8,2,0.0,49638.456999999995,0.0,415 416 418 419 420 421 422 423 424 425 426 427 429 430 431 432 433 434 435 436 437 438 439 440 441 442 443 444 445 446 472 473 479 480 481 482 483 484 485 486 487 488 489 493 494 495 496 497 505 506 507 508 509 510 511 512 513 514 515 516 517 518 519 520 521 522 523 524 525 526 527 528 529 530 531 532 533 534 535 536 537 538 539 540 541 542 543 544 774 783 786 885 886 887 888 894 895 896 897 918 922 923 924 925 926 927 928 929 930 931 932 933 934 935 936 937 938 939 940 941 942 943 944 945 946 947 948 949 950 951 952 955 956 957 958 959 960 961 962 963 964 965 966 967 968 969 970 971 972 973 974 975 976 977 978 979 980 981 982 983 984 985 986 987 988 989 990 991 992 993 994 995 996 997 998 999 1000 1001 1002 1003 1004 1005 1006 1007 1008 1011 1012 1013 1014 1015 1016 1017 1018 1019 1020 1021 1022 1023 1024 1025 1026 1027 1028 1029 1030 1031 1032 1033 1034 1035
8,3,0.0,16636.909,0.0,52 53 54 55 56 57 58 59 60 61 62 63 64 65 66 67 68 69 70 71 72 73 74 76 77 79 80 81 82 83 84 85 86 87 88 89 90 91 92 93 94 95 96 97 98 99 100 101 102 103 104 105 113 114 115 131 132 133 134 135 136 218 219 220 221 222 223 224 225
8,4,16568.829852126728,40339.85099999998,0.0,138 139 140 141 142 143 146 147 148 149 150 151 152 153 164 165 171 172 173 174 175 176 177 178 179 180 181 182 183 184 185 186 187 188 189 190 191 192 193 194 195 196 197 198 199 200 201 202 203 204 205 206 207 208 209 210 211 212 213 214 215 216 217 309 310 311 312 313 314 315 316 317 318 319 320 321 322 323 324 325 326 327 328 329 330 331 332 333 334 335 336 337 338 339 340 341 342 343 344 345 346 347 348 349 350 351 352 353 354 355 356 357 358 359 360 361 362 363 364 365 366 367 368 370 371 372 373 374 376 379 380 381 382 383 391 392 393 394 395 396 397 398 399 401 407 410 411 412 413 863 864 865 866 867 868 869 870 871 873 874 875 876 877 878 879 880 1089 1090 1094 1095 1096 1097 1099 1100 1101 1102 1103 1104 1105
8,5,0.0,15706.031,0.0,144 145 226 227 228 229 230 231 232 233 234 235 236 237 238 239 240 241 242 243 244 245 246 247 248 249 250 251 252 253 254 255 256 257 258 259 260 261 262 263 264 265 266 267 268 269 270 271 272 273 274 275 276 277 278 279 280 281 282 283 284 285 286 287 288 289 290 291 292 293 294 295 296 297 298 299 300 301 302 303 304 305 306 307 308 384 385 386 387 388 389 390 400 402 403 404 405
8,6,0.0,7439.084999999998,0.0,1267 1311 1312 1338 1339 1340 1341 1342 1348 1349 1350 1351 1352 1353 1354 1355 1356 1357 1358 1359 1360 1361 1362 1363 1364 1367 1368 1369 1370 1371 1372 1373 1374 1375 1376 1377 1378 1379 1380 1381 1382 1383 1384 1385 1386 1387 1388 1389 1390 1391 1392 1393 1394 1395 1396 1397 1398 1399 1400 1401 1402 1403 1404 1405 1406 1407 1408 1409 1410 1411 1412 1413 1414 1415 1416 1417 1418
8,7,0.0,14118.290999999996,0.0,48 51 414 417 1272 1273 1274 1275 1276 1277 1278 1279 1280 1281 1282 1283 1284 1285 1286 1287 1288 1289 1290 1291 1292 1293 1294 1295 1296 1297 1298 1299 1300 1301 1302 1303 1304 1305 1306 1307 1308 1309 1310 1313 1314 1315 1316 1317 1318 1319 1320 1321 1322 1323 1324 1325 1326 1327 1328 1329 1330 1331 1332 1343 1344 1345 1346 1347
8,8,33289.44368779017,30176.94,0.0,369 375 377 378 406 408 409 881 882 883 884 910 911 913 914 915 916 917 919 920 921 1009 1010 1036 1038 1039 1041 1042 1044 1045 1046 1047 1048 1049 1050 1051 1052 1053 1054 1055 1056 1057 1058 1059 1060 1061 1062 1063 1064 1065 1066 1067 1068 1069 1070 1071 1072 1073 1074 1075 1076 1077 1078 1079 1080 1081 1082 1083 1084 1085 1086 1087 1088 1091 1092 1093 1098 1106 1107 1108 1109 1110 1111 1112 1113 1114 1115 1116 1117 1118 1119 1120 1121 1122 1123 1124 1125 1126 1127 1128 1129 1130 1131 1132 1133 1134 1135 1136 1137 1138 1139 1140 1141 1142 1143 1144 1145 1146 1147 1148 1149 1150 1151 1152 1153 1154 1155 1156 1157 1158 1159 1160 1161 1162 1163 1164 1165 1166 1167 1168 1169 1170 1171 1172 1173 1174 1175
8,9,0.0,22221.31,0.0,428 447 448 449 450 451 452 453 454 455 456 457 458 459 460 461 462 463 464 465 466 467 468 469 470 471 1037 1040 1043 1176 1177 1178 1179 1180 1181 1182 1183 1184 1185 1186 1187 1188 1189 1190 1191 1192 1193 1194 1195 1196 1197 1198 1199 1200 1201 1202 1203 1204 1205 1206 1207 1208 1209 1210 1211 1212 1213 1214 1215 1216 1217 1218 1219 1220 1221 1222 1223 1224 1225 1226 1227 1228 1229 1230 1231 1232 1233 1234 1235 1236 1237 1238 1239 1240 1241 1242 1243 1244 1245 1246 1247 1248 1249 1250 1251 1252 1253 1254 1255 1256 1257 1258 1259 1260 1261 1262 1263 1264 1265 1266 1268 1269 1270 1271 1333 1334 1335 1336 1337 1365 1366
9,0,0.0,95009.771,90963.38819864635,24 27 106 107 108 109 110 111 112 116 117 118 119 120 121 122 123 124 125 126 127 128 129 130 137 154 155 156 157 158 159 160 161 162 163 166 167 168 169 170 474 475 476 477 478 490 491 492 498 499 500 501 502 503 504 545 546 547 548 549 550 551 552 553 554 555 556 557 558 559 560 561 562 563 564 565 566 567 568 569 570 571 572 573 574 575 576 577 578 579 580 581 582 583 584 585 586 587 588 589 590 591 592 593 594 595 596 597 598 599 600 601 602 603 604 605 606 607 608 609 610 611 612 613 614 615 616 617 618 619 620 621 622 623 624 625 626 627 628 629 630 631 632 633 634 635 636 637 638 639 640 641 642 643 644 645 646 647 648 649 650 651 652 653 654 655 656 657 658 659 660 661 662 663 664 665 666 667 668 669 670 671 672 673 674 675 676 677 678 679 680 681 682 683 684 685 686 687 688 689 690 691 692 693 694 695 696 697 698 699 700 701 702 703 704 705 706 707 708 709 710 711 712 713 714 715 716 717 718 719 720 721 722 723 724 725 726 727 728 729 730 731 732 733 734 735 736 737 738 739 740 741 742 743 744 745 746 747 748 749 750 751 752 753 754 755 756 757 758 759 760 761 762 763 764 765 766 767 768 769 770 771 772 773 775 776 777 778 779 780 781 782 784 785 787 788 789 790 791 792 793 794 795 796 797 798 799 800 801 802 803 804 805 806 807 808 809 810 811 812 813 814 815 816 817 818 819 820 821 822 823 824 825 826 827 828 829 830 831 832 833 834 835 836 837 838 839 840 841 842 843 844 845 846 847 848 849 850 851 852 853 854 855 856 857 858 859 860 861 862 872 889 890 891 892 893 898 899 900 901 902 903 904 905 906 907 908 909 912 953 954
9,1,55537.616394791665,19397.437,0.0,0 1 2 3 4 5 6 7 8 9 10 11 12 13 14 15 16 17 18 19 20 21 22 23 25 26 28 29 30 31 32 33 34 35 36 37 38 39 40 41 42 43 44 45 46 47 49 50 75 78
9,2,49271.875792249564,60924.340999999986,87837.60658449912,415 416 418 419 420 421 422 423 424 425 426 427 429 430 431 432 433 434 435 436 437 438 439 440 441 442 443 444 445 446 472 473 479 480 481 482 483 484 485 486 487 488 489 493 494 495 496 497 505 506 507 508 509 510 511 512 513 514 515 516 517 518 519 520 521 522 523 524 525 526 527 528 529 530 531 532 533 534 535 536 537 538 539 540 541 542 543 544 774 783 786 885 886 887 888 894 895 896 897 918 922 923 924 925 926 927 928 929 930 931 932 933 934 935 936 937 938 939 940 941 942 943 944 945 946 947 948 949 950 951 952 955 956 957 958 959 960 961 962 963 964 965 966 967 968 969 970 971 972 973 974 975 976 977 978 979 980 981 982 983 984 985 986 987 988 989 990 991 992 993 994 995 996 997 998 999 1000 1001 1002 1003 1004 1005 1006 1007 1008 1011 1012 1013 1014 1015 1016 1017 1018 1019 1020 1021 1022 1023 1024 1025 1026 1027 1028 1029 1030 1031 1032 1033 1034 1035
9,3,0.0,20182.068000000003,0.0,52 53 54 55 56 57 58 59 60 61 62 63 64 65 66 67 68 69 70 71 72 73 74 76 77 79 80 81 82 83 84 85 86 87 88 89 90 91 92 93 94 95 96 97 98 99 100 101 102 103 104 105 113 114 115 131 132 133 134 135 136 218 219 220 221 222 223 224 225
9,4,15300.305840570822,48115.74599999998,0.0,138 139 140 141 142 143 146 147 148 149 150 151 152 153 164 165 171 172 173 174 175 176 177 178 179 180 181 182 183 184 185 186 187 188 189 190 191 192 193 194 195 196 197 198 199 200 201 202 203 204 205 206 207 208 209 210 211 212 213 214 215 216 217 309 310 311 312 313 314 315 316 317 318 319 320 321 322 323 324 325 326 327 328 329 330 331 332 333 334 335 336 337 338 339 340 341 342 343 344 345 346 347 348 349 350 351 352 353 354 355 356 357 358 359 360 361 362 363 364 365 366 367 368 370 371 372 373 374 376 379 380 381 382 383 391 392 393 394 395 396 397 398 399 401 407 410 411 412 413 863 864 865 866 867 868 869 870 871 873 874 875 876 877 878 879 880 1089 1090 1094 1095 1096 1097 1099 1100 1101 1102 1103 1104 1105
9,5,0.0,19168.252,0.0,144 145 226 227 228 229 230 231 232 233 234 235 236 237 238 239 240 241 242 243 244 245 246 247 248 249 250 251 252 253 254 255 256 257 258 259 260 261 262 263 264 265 266 267 268 269 270 271 272 273 274 275 276 277 278 279 280 281 282 283 284 285 286 287 288 289 290 291 292 293 294 295 296 297 298 299 300 301 302 303 304 305 306 307 308 384 385 386 387 388 389 390 400 402 403 404 405
9,6,0.0,8467.112000000001,0.0,1267 1311 1312 1338 1339 1340 1341 1342 1348 1349 1350 1351 1352 1353 1354 1355 1356 1357 1358 1359 1360 1361 1362 1363 1364 1367 1368 1369 1370 1371 1372 1373 1374 1375 1376 1377 1378 1379 1380 1381 1382 1383 1384 1385 1386 1387 1388 1389 1390 1391 1392 1393 1394 1395 1396 1397 1398 1399 1400 1401 1402 1403 1404 1405 1406 1407 1408 1409 1410 1411 1412 1413 1414 1415 1416 1417 1418
9,7,0.0,15729.902999999998,0.0,48 51 414 417 1272 1273 1274 1275 1276 1277 1278 1279 1280 1281 1282 1283 1284 1285 1286 1287 1288 1289 1290 1291 1292 1293 1294 1295 1296 1297 1298 1299 1300 1301 1302 1303 1304 1305 1306 1307 1308 1309 1310 1313 1314 1315 1316 1317 1318 1319 1320 1321 1322 1323 1324 1325 1326 1327 1328 1329 1330 1331 1332 1343 1344 1345 1346 1347
9,8,46670.35304129092,39428.434,0.0,369 375 377 378 406 408 409 881 882 883 884 910 911 913 914 915 916 917 919 920 921 1009 1010 1036 1038 1039 1041 1042 1044 1045 1046 1047 1048 1049 1050 1051 1052 1053 1054 1055 1056 1057 1058 1059 1060 1061 1062 1063 1064 1065 1066 1067 1068 1069 1070 1071 1072 1073 1074 1075 1076 1077 1078 1079 1080 1081 1082 1083 1084 1085 1086 1087 1088 1091 1092 1093 1098 1106 1107 1108 1109 1110 1111 1112 1113 1114 1115 1116 1117 1118 1119 1120 1121 1122 1123 1124 1125 1126 1127 1128 1129 1130 1131 1132 1133 1134 1135 1136 1137 1138 1139 1140 1141 1142 1143 1144 1145 1146 1147 1148 1149 1150 1151 1152 1153 1154 1155 1156 1157 1158 1159 1160 1161 1162 1163 1164 1165 1166 1167 1168 1169 1170 1171 1172 1173 1174 1175
9,9,13632.58194507099,27462.703000000016,0.0,428 447 448 449 450 451 452 453 454 455 456 457 458 459 460 461 462 463 464 465 466 467 468 469 470 471 1037 1040 1043 1176 1177 1178 1179 1180 1181 1182 1183 1184 1185 1186 1187 1188 1189 1190 1191 1192 1193 1194 1195 1196 1197 1198 1199 1200 1201 1202 1203 1204 1205 1206 1207 1208 1209 1210 1211 1212 1213 1214 1215 1216 1217 1218 1219 1220 1221 1222 1223 1224 1225 1226 1227 1228 1229 1230 1231 1232 1233 1234 1235 1236 1237 1238 1239 1240 1241 1242 1243 1244 1245 1246 1247 1248 1249 1250 1251 1252 1253 1254 1255 1256 1257 1258 1259 1260 1261 1262 1263 1264 1265 1266 1268 1269 1270 1271 1333 1334 1335 1336 1337 1365 1366
10,0,0.0,115058.56700000005,111012.18419864641,24 27 106 107 108 109 110 111 112 116 117 118 119 120 121 122 123 124 125 126 127 128 129 130 137 154 155 156 157 158 159 160 161 162 163 166 167 168 169 170 474 475 476 477 478 490 491 492 498 499 500 501 502 503 504 545 546 547 548 549 550 551 552 553 554 555 556 557 558 559 560 561 562 563 564 565 566 567 568 569 570 571 572 573 574 575 576 577 578 579 580 581 582 583 584 585 586 587 588 589 590 591 592 593 594 595 596 597 598 599 600 601 602 603 604 605 606 607 608 609 610 611 612 613 614 615 616 617 618 619 620 621 622 623 624 625 626 627 628 629 630 631 632 633 634 635 636 637 638 639 640 641 642 643 644 645 646 647 648 649 650 651 652 653 654 655 656 657 658 659 660 661 662 663 664 665 666 667 668 669 670 671 672 673 674 675 676 677 678 679 680 681 682 683 684 685 686 687 688 689 690 691 692 693 694 695 696 697 698 699 700 701 702 703 704 705 706 707 708 709 710 711 712 713 714 715 716 717 718 719 720 721 722 723 724 725 726 727 728 729 730 731 732 733 734 735 736 737 738 739 740 741 742 743 744 745 746 747 748 749 750 751 752 753 754 755 756 757 758 759 760 761 762 763 764 765 766 767 768 769 770 771 772 773 775 776 777 778 779 780 781 782 784 785 787 788 789 790 791 792 793 794 795 796 797 798 799 800 801 802 803 804 805 806 807 808 809 810 811 812 813 814 815 816 817 818 819 820 821 822 823 824 825 826 827 828 829 830 831 832 833 834 835 836 837 838 839 840 841 842 843 844 845 846 847 848 849 850 851 852 853 854 855 856 857 858 859 860 861 862 872 889 890 891 892 893 898 899 900 901 902 903 904 905 906 907 908 909 912 953 954
10,1,55537.616394791665,19818.501999999997,0.0,0 1 2 3 4 5 6 7 8 9 10 11 12 13 14 15 16 17 18 19 20 21 22 23 25 26 28 29 30 31 32 33 34 35 36 37 38 39 40 41 42 43 44 45 46 47 49 50 75 78
10,2,0.0,71630.48599999999,0.0,415 416 418 419 420 421 422 423 424 425 426 427 429 430 431 432 433 434 435 436 437 438 439 440 441 442 443 444 445 446 472 473 479 480 481 482 483 484 485 486 487 488 489 493 494 495 496 497 505 506 507 508 509 510 511 512 513 514 515 516 517 518 519 520 521 522 523 524 525 526 527 528 529 530 531 532 533 534 535 536 537 538 539 540 541 542 543 544 774 783 786 885 886 887 888 894 895 896 897 918 922 923 924 925 926 927 928 929 930 931 932 933 934 935 936 937 938 939 940 941 942 943 944 945 946 947 948 949 950 951 952 955 956 957 958 959 960 961 962 963 964 965 966 967 968 969 970 971 972 973 974 975 976 977 978 979 980 981 982 983 984 985 986 987 988 989 990 991 992 993 994 995 996 997 998 999 1000 1001 1002 1003 1004 1005 1006 1007 1008 1011 1012 1013 1014 1015 1016 1017 1018 1019 1020 1021 1022 1023 1024 1025 1026 1027 1028 1029 1030 1031 1032 1033 1034 1035
10,3,55537.616394791665,22917.485,0.0,52 53 54 55 56 57 58 59 60 61 62 63 64 65 66 67 68 69 70 71 72 73 74 76 77 79 80 81 82 83 84 85 86 87 88 89 90 91 92 93 94 95 96 97 98 99 100 101 102 103 104 105 113 114 115 131 132 133 134 135 136 218 219 220 221 222 223 224 225
10,4,5599.658829014901,56547.86899999999,0.0,138 139 140 141 142 143 146 147 148 149 150 151 152 153 164 165 171 172 173 174 175 176 177 178 179 180 181 182 183 184 185 186 187 188 189 190 191 192 193 194 195 196 197 198 199 200 201 202 203 204 205 206 207 208 209 210 211 212 213 214 215 216 217 309 310 311 312 313 314 315 316 317 318 319 320 321 322 323 324 325 326 327 328 329 330 331 332 333 334 335 336 337 338 339 340 341 342 343 344 345 346 347 348 349 350 351 352 353 354 355 356 357 358 359 360 361 362 363 364 365 366 367 368 370 371 372 373 374 376 379 380 381 382 383 391 392 393 394 395 396 397 398 399 401 407 410 411 412 413 863 864 865 866 867 868 869 870 871 873 874 875 876 877 878 879 880 1089 1090 1094 1095 1096 1097 1099 1100 1101 1102 1103 1104 1105
10,5,55537.616394791665,21695.13100000001,0.0,144 145 226 227 228 229 230 231 232 233 234 235 236 237 238 239 240 241 242 243 244 245 246 247 248 249 250 251 252 253 254 255 256 257 258 259 260 261 262 263 264 265 266 267 268 269 270 271 272 273 274 275 276 277 278 279 280 281 282 283 284 285 286 287 288 289 290 291 292 293 294 295 296 297 298 299 300 301 302 303 304 305 306 307 308 384 385 386 387 388 389 390 400 402 403 404 405
10,6,55537.616394791665,9854.754000000003,0.0,1267 1311 1312 1338 1339 1340 1341 1342 1348 1349 1350 1351 1352 1353 1354 1355 1356 1357 1358 1359 1360 1361 1362 1363 1364 1367 1368 1369 1370 1371 1372 1373 1374 1375 1376 1377 1378 1379 1380 1381 1382 1383 1384 1385 1386 1387 1388 1389 1390 1391 1392 1393 1394 1395 1396 1397 1398 1399 1400 1401 1402 1403 1404 1405 1406 1407 1408 1409 1410 1411 1412 1413 1414 1415 1416 1417 1418
10,7,55537.616394791665,15263.487999999998,0.0,48 51 414 417 1272 1273 1274 1275 1276 1277 1278 1279 1280 1281 1282 1283 1284 1285 1286 1287 1288 1289 1290 1291 1292 1293 1294 1295 1296 1297 1298 1299 1300 1301 1302 1303 1304 1305 1306 1307 1308 1309 1310 1313 1314 1315 1316 1317 1318 1319 1320 1321 1322 1323 1324 1325 1326 1327 1328 1329 1330 1331 1332 1343 1344 1345 1346 1347
10,8,55537.616394791665,43942.08,0.0,369 375 377 378 406 408 409 881 882 883 884 910 911 913 914 915 916 917 919 920 921 1009 1010 1036 1038 1039 1041 1042 1044 1045 1046 1047 1048 1049 1050 1051 1052 1053 1054 1055 1056 1057 1058 1059 1060 1061 1062 1063 1064 1065 1066 1067 1068 1069 1070 1071 1072 1073 1074 1075 1076 1077 1078 1079 1080 1081 1082 1083 1084 1085 1086 1087 1088 1091 1092 1093 1098 1106 1107 1108 1109 1110 1111 1112 1113 1114 1115 1116 1117 1118 1119 1120 1121 1122 1123 1124 1125 1126 1127 1128 1129 1130 1131 1132 1133 1134 1135 1136 1137 1138 1139 1140 1141 1142 1143 1144 1145 1146 1147 1148 1149 1150 1151 1152 1153 1154 1155 1156 1157 1158 1159 1160 1161 1162 1163 1164 1165 1166 1167 1168 1169 1170 1171 1172 1173 1174 1175
10,9,55537.616394791665,32471.075999999994,0.0,428 447 448 449 450 451 452 453 454 455 456 457 458 459 460 461 462 463 464 465 466 467 468 469 470 471 1037 1040 1043 1176 1177 1178 1179 1180 1181 1182 1183 1184 1185 1186 1187 1188 1189 1190 1191 1192 1193 1194 1195 1196 1197 1198 1199 1200 1201 1202 1203 1204 1205 1206 1207 1208 1209 1210 1211 1212 1213 1214 1215 1216 1217 1218 1219 1220 1221 1222 1223 1224 1225 1226 1227 1228 1229 1230 1231 1232 1233 1234 1235 1236 1237 1238 1239 1240 1241 1242 1243 1244 1245 1246 1247 1248 1249 1250 1251 1252 1253 1254 1255 1256 1257 1258 1259 1260 1261 1262 1263 1264 1265 1266 1268 1269 1270 1271 1333 1334 1335 1336 1337 1365 1366
11,0,0.0,103642.75899999996,99596.37619864632,106 108 109 110 111 112 117 119 120 121 122 123 124 125 126 127 128 129 130 154 155 156 157 158 159 160 161 166 545 546 547 549 550 551 552 553 554 555 556 557 558 559 560 561 562 563 564 565 566 567 568 569 570 571 572 573 574 575 576 577 578 579 580 581 582 583 584 585 586 587 588 589 590 591 592 593 594 595 596 597 598 599 600 601 602 603 604 605 606 607 608 609 610 611 612 613 614 615 616 617 618 619 620 621 622 623 624 625 626 627 628 629 630 631 632 633 634 635 636 637 638 639 640 641 642 643 644 645 646 647 648 649 651 652 653 654 655 656 657 658 659 660 661 663 667 668 669 670 671 673 674 675 676 677 678 679 680 681 682 683 684 685 686 687 688 689 690 691 697 706 707 708 709 710 711 712 713 714 715 716 717 718 719 720 721 722 723 724 725 726 727 728 729 730 731 732 733 734 735 736 737 738 739 740 741 742 743 744 745 746 747 748 749 750 751 752 753 754 755 756 757 758 759 760 761 762 763 764 765 766 767 768 769 770 775 776 777 780 787 788 789 790 791 792 793 794 795 796 797 798 799 800 801 802 803 804 805 806 807 808 809 810 811 812 813 814 815 816 817 818 819 820 821 822 823 824 825 826 827 828 829 830 831 832 833 834 835 836 837 838 839 840 841 842 843 844 845 846 847 848 849 850 851 852 858 898 902 903 904 905 906
11,1,26696.122131806813,24924.013,0.0,0 1 2 3 4 5 6 7 8 9 10 11 12 13 14 15 16 17 18 19 20 21 22 23 24 25 26 27 28 29 30 31 32 33 34 35 36 37 38 39 40 41 42 43 44 45 46 47 49 50 75 78
11,2,0.0,101996.17300000004,79637.5627922496,415 416 418 419 420 421 422 423 424 425 426 427 429 430 431 432 433 434 435 436 437 438 439 440 441 442 443 444 445 446 472 473 474 475 476 477 478 479 480 481 482 483 484 485 486 487 488 489 490 491 492 493 494 495 496 497 498 499 500 501 502 503 504 505 506 507 508 509 510 511 512 513 514 515 516 517 518 519 520 521 522 523 524 525 526 527 528 529 530 531 532 533 534 535 536 537 538 539 540 541 542 543 544 548 650 662 664 665 666 672 692 693 694 695 696 698 699 700 701 702 703 704 705 771 772 773 774 778 779 781 782 783 784 785 786 885 886 887 888 889 890 891 892 893 894 895 896 897 899 900 901 907 918 922 923 924 925 926 927 928 929 930 931 932 933 934 935 936 937 938 939 940 941 942 943 944 945 946 947 948 949 950 951 952 953 954 955 956 957 958 959 960 961 962 963 964 965 966 967 968 969 970 971 972 973 974 975 976 977 978 979 980 981 982 983 984 985 986 987 988 989 990 991 992 993 994 995 996 997 998 999 1000 1001 1002 1003 1004 1005 1006 1007 1008 1011 1012 1013 1014 1015 1016 1017 1018 1019 1020 1021 1022 1023 1024 1025 1026 1027 1028 1029 1030 1031 1032 1033 1034 1035
11,3,9259.128301474557,23872.713,0.0,52 53 54 55 56 57 58 59 60 61 62 63 64 65 66 67 68 69 70 71 72 73 74 76 77 79 80 81 82 83 84 85 86 87 88 89 90 91 92 93 94 95 96 97 98 99 100 101 102 103 104 105 107 113 114 115 116 118 131 132 133 134 135 136 218 219 220 221 222 223 224 225
11,4,0.0,65007.82700000001,12560.946182538217,137 138 139 140 141 142 143 146 147 148 149 150 151 152 153 162 163 164 165 167 168 169 170 171 172 173 174 175 176 177 178 179 180 181 182 183 184 185 186 187 188 189 190 191 192 193 194 195 196 197 198 199 200 201 202 203 204 205 206 207 208 209 210 211 212 213 214 215 216 217 309 310 311 312 313 314 315 316 317 318 319 320 321 322 323 324 325 326 327 328 329 330 331 332 333 334 335 336 337 338 339 340 341 342 343 344 345 346 347 348 349 350 351 352 353 354 355 356 357 358 359 360 361 362 363 364 365 366 367 368 370 371 372 373 374 376 379 380 381 382 383 391 392 393 394 395 396 397 398 399 401 407 410 411 412 413 853 854 855 856 857 859 860 861 862 863 864 865 866 867 868 869 870 871 872 873 874 875 876 877 878 879 880 1089 1090 1094 1095 1096 1097 1099 1100 1101 1102 1103 1104 1105
11,5,25316.568858963845,22576.153000000002,0.0,144 145 226 227 228 229 230 231 232 233 234 235 236 237 238 239 240 241 242 243 244 245 246 247 248 249 250 251 252 253 254 255 256 257 258 259 260 261 262 263 264 265 266 267 268 269 270 271 272 273 274 275 276 277 278 279 280 281 282 283 284 285 286 287 288 289 290 291 292 293 294 295 296 297 298 299 300 301 302 303 304 305 306 307 308 384 385 386 387 388 389 390 400 402 403 404 405
11,6,0.0,9466.747000000001,0.0,1267 1311 1312 1338 1339 1340 1341 1342 1348 1349 1350 1351 1352 1353 1354 1355 1356 1357 1358 1359 1360 1361 1362 1363 1364 1367 1368 1369 1370 1371 1372 1373 1374 1375 1376 1377 1378 1379 1380 1381 1382 1383 1384 1385 1386 1387 1388 1389 1390 1391 1392 1393 1394 1395 1396 1397 1398 1399 1400 1401 1402 1403 1404 1405 1406 1407 1408 1409 1410 1411 1412 1413 1414 1415 1416 1417 1418
11,7,3074.56885403418,17812.325000000004,0.0,48 51 414 417 1272 1273 1274 1275 1276 1277 1278 1279 1280 1281 1282 1283 1284 1285 1286 1287 1288 1289 1290 1291 1292 1293 1294 1295 1296 1297 1298 1299 1300 1301 1302 1303 1304 1305 1306 1307 1308 1309 1310 1313 1314 1315 1316 1317 1318 1319 1320 1321 1322 1323 1324 1325 1326 1327 1328 1329 1330 1331 1332 1343 1344 1345 1346 1347
11,8,55537.616394791665,47115.64900000001,0.0,369 375 377 378 406 408 409 881 882 883 884 908 909 910 911 912 913 914 915 916 917 919 920 921 1009 1010 1036 1038 1039 1041 1042 1044 1045 1046 1047 1048 1049 1050 1051 1052 1053 1054 1055 1056 1057 1058 1059 1060 1061 1062 1063 1064 1065 1066 1067 1068 1069 1070 1071 1072 1073 1074 1075 1076 1077 1078 1079 1080 1081 1082 1083 1084 1085 1086 1087 1088 1091 1092 1093 1098 1106 1107 1108 1109 1110 1111 1112 1113 1114 1115 1116 1117 1118 1119 1120 1121 1122 1123 1124 1125 1126 1127 1128 1129 1130 1131 1132 1133 1134 1135 1136 1137 1138 1139 1140 1141 1142 1143 1144 1145 1146 1147 1148 1149 1150 1151 1152 1153 1154 1155 1156 1157 1158 1159 1160 1161 1162 1163 1164 1165 1166 1167 1168 1169 1170 1171 1172 1173 1174 1175
11,9,0.0,35406.634999999995,0.0,428 447 448 449 450 451 452 453 454 455 456 457 458 459 460 461 462 463 464 465 466 467 468 469 470 471 1037 1040 1043 1176 1177 1178 1179 1180 1181 1182 1183 1184 1185 1186 1187 1188 1189 1190 1191 1192 1193 1194 1195 1196 1197 1198 1199 1200 1201 1202 1203 1204 1205 1206 1207 1208 1209 1210 1211 1212 1213 1214 1215 1216 1217 1218 1219 1220 1221 1222 1223 1224 1225 1226 1227 1228 1229 1230 1231 1232 1233 1234 1235 1236 1237 1238 1239 1240 1241 1242 1243 1244 1245 1246 1247 1248 1249 1250 1251 1252 1253 1254 1255 1256 1257 1258 1259 1260 1261 1262 1263 1264 1265 1266 1268 1269 1270 1271 1333 1334 1335 1336 1337 1365 1366
12,0,0.0,112920.75899999999,106695.01474418375,106 108 109 110 111 112 117 119 120 121 122 123 124 125 126 127 128 129 130 154 155 156 157 158 159 160 161 166 545 546 547 549 550 551 552 553 554 555 556 557 558 559 560 561 562 563 564 565 566 567 568 569 570 571 572 573 574 575 576 577 578 579 580 581 582 583 584 585 586 587 588 589 590 591 592 593 594 595 596 597 598 599 600 601 602 603 604 605 606 607 608 609 610 611 612 613 614 615 616 617 618 619 620 621 622 623 624 625 626 627 628 629 630 631 632 633 634 635 636 637 638 639 640 641 642 643 644 645 646 647 648 649 651 652 653 654 655 656 657 658 659 660 661 663 667 668 669 670 671 673 674 675 676 677 678 679 680 681 682 683 684 685 686 687 688 689 690 691 697 706 707 708 709 710 711 712 713 714 715 716 717 718 719 720 721 722 723 724 725 726 727 728 729 730 731 732 733 734 735 736 737 738 739 740 741 742 743 744 745 746 747 748 749 750 751 752 753 754 755 756 757 758 759 760 761 762 763 764 765 766 767 768 769 770 775 776 777 780 787 788 789 790 791 792 793 794 795 796 797 798 799 800 801 802 803 804 805 806 807 808 809 810 811 812 813 814 815 816 817 818 819 820 821 822 823 824 825 826 827 828 829 830 831 832 833 834 835 836 837 838 839 840 841 842 843 844 845 846 847 848 849 850 851 852 858 898 902 903 904 905 906
12,1,32511.189131806794,26525.64600000003,0.0,0 1 2 3 4 5 6 7 8 9 10 11 12 13 14 15 16 17 18 19 20 21 22 23 24 25 26 27 28 29 30 31 32 33 34 35 36 37 38 39 40 41 42 43 44 45 46 47 49 50 75 78
12,2,0.0,105453.60299999993,71142.94891835522,415 416 418 419 420 421 422 423 424 425 426 427 429 430 431 432 433 434 435 436 437 438 439 440 441 442 443 444 445 446 472 473 474 475 476 477 478 479 480 481 482 483 484 485 486 487 488 489 490 491 492 493 494 495 496 497 498 499 500 501 502 503 504 505 506 507 508 509 510 511 512 513 514 515 516 517 518 519 520 521 522 523 524 525 526 527 528 529 530 531 532 533 534 535 536 537 538 539 540 541 542 543 544 548 650 662 664 665 666 672 692 693 694 695 696 698 699 700 701 702 703 704 705 771 772 773 774 778 779 781 782 783 784 785 786 885 886 887 888 889 890 891 892 893 894 895 896 897 899 900 901 907 918 922 923 924 925 926 927 928 929 930 931 932 933 934 935 936 937 938 939 940 941 942 943 944 945 946 947 948 949 950 951 952 953 954 955 956 957 958 959 960 961 962 963 964 965 966 967 968 969 970 971 972 973 974 975 976 977 978 979 980 981 982 983 984 985 986 987 988 989 990 991 992 993 994 995 996 997 998 999 1000 1001 1002 1003 1004 1005 1006 1007 1008 1011 1012 1013 1014 1015 1016 1017 1018 1019 1020 1021 1022 1023 1024 1025 1026 1027 1028 1029 1030 1031 1032 1033 1034 1035
12,3,55537.616394791665,24114.529999999995,0.0,52 53 54 55 56 57 58 59 60 61 62 63 64 65 66 67 68 69 70 71 72 73 74 76 77 79 80 81 82 83 84 85 86 87 88 89 90 91 92 93 94 95 96 97 98 99 100 101 102 103 104 105 107 113 114 115 116 118 131 132 133 134 135 136 218 219 220 221 222 223 224 225
12,4,5056.131266950957,67009.41500000002,0.0,137 138 139 140 141 142 143 146 147 148 149 150 151 152 153 162 163 164 165 167 168 169 170 171 172 173 174 175 176 177 178 179 180 181 182 183 184 185 186 187 188 189 190 191 192 193 194 195 196 197 198 199 200 201 202 203 204 205 206 207 208 209 210 211 212 213 214 215 216 217 309 310 311 312 313 314 315 316 317 318 319 320 321 322 323 324 325 326 327 328 329 330 331 332 333 334 335 336 337 338 339 340 341 342 343 344 345 346 347 348 349 350 351 352 353 354 355 356 357 358 359 360 361 362 363 364 365 366 367 368 370 371 372 373 374 376 379 380 381 382 383 391 392 393 394 395 396 397 398 399 401 407 410 411 412 413 853 854 855 856 857 859 860 861 862 863 864 865 866 867 868 869 870 871 872 873 874 875 876 877 878 879 880 1089 1090 1094 1095 1096 1097 1099 1100 1101 1102 1103 1104 1105
12,5,34161.75118917276,23181.673000000003,0.0,144 145 226 227 228 229 230 231 232 233 234 235 236 237 238 239 240 241 242 243 244 245 246 247 248 249 250 251 252 253 254 255 256 257 258 259 260 261 262 263 264 265 266 267 268 269 270 271 272 273 274 275 276 277 278 279 280 281 282 283 284 285 286 287 288 289 290 291 292 293 294 295 296 297 298 299 300 301 302 303 304 305 306 307 308 384 385 386 387 388 389 390 400 402 403 404 405
12,6,0.0,10624.094000000003,0.0,1267 1311 1312 1338 1339 1340 1341 1342 1348 1349 1350 1351 1352 1353 1354 1355 1356 1357 1358 1359 1360 1361 1362 1363 1364 1367 1368 1369 1370 1371 1372 1373 1374 1375 1376 1377 1378 1379 1380 1381 1382 1383 1384 1385 1386 1387 1388 1389 1390 1391 1392 1393 1394 1395 1396 1397 1398 1399 1400 1401 1402 1403 1404 1405 1406 1407 1408 1409 1410 1411 1412 1413 1414 1415 1416 1417 1418
12,7,3074.56885403418,18738.891000000003,0.0,48 51 414 417 1272 1273 1274 1275 1276 1277 1278 1279 1280 1281 1282 1283 1284 1285 1286 1287 1288 1289 1290 1291 1292 1293 1294 1295 1296 1297 1298 1299 1300 1301 1302 1303 1304 1305 1306 1307 1308 1309 1310 1313 1314 1315 1316 1317 1318 1319 1320 1321 1322 1323 1324 1325 1326 1327 1328 1329 1330 1331 1332 1343 1344 1345 1346 1347
12,8,55537.616394791665,47377.257,0.0,369 375 377 378 406 408 409 881 882 883 884 908 909 910 911 912 913 914 915 916 917 919 920 921 1009 1010 1036 1038 1039 1041 1042 1044 1045 1046 1047 1048 1049 1050 1051 1052 1053 1054 1055 1056 1057 1058 1059 1060 1061 1062 1063 1064 1065 1066 1067 1068 1069 1070 1071 1072 1073 1074 1075 1076 1077 1078 1079 1080 1081 1082 1083 1084 1085 1086 1087 1088 1091 1092 1093 1098 1106 1107 1108 1109 1110 1111 1112 1113 1114 1115 1116 1117 1118 1119 1120 1121 1122 1123 1124 1125 1126 1127 1128 1129 1130 1131 1132 1133 1134 1135 1136 1137 1138 1139 1140 1141 1142 1143 1144 1145 1146 1147 1148 1149 1150 1151 1152 1153 1154 1155 1156 1157 1158 1159 1160 1161 1162 1163 1164 1165 1166 1167 1168 1169 1170 1171 1172 1173 1174 1175
12,9,0.0,37355.797,0.0,428 447 448 449 450 451 452 453 454 455 456 457 458 459 460 461 462 463 464 465 466 467 468 469 470 471 1037 1040 1043 1176 1177 1178 1179 1180 1181 1182 1183 1184 1185 1186 1187 1188 1189 1190 1191 1192 1193 1194 1195 1196 1197 1198 1199 1200 1201 1202 1203 1204 1205 1206 1207 1208 1209 1210 1211 1212 1213 1214 1215 1216 1217 1218 1219 1220 1221 1222 1223 1224 1225 1226 1227 1228 1229 1230 1231 1232 1233 1234 1235 1236 1237 1238 1239 1240 1241 1242 1243 1244 1245 1246 1247 1248 1249 1250 1251 1252 1253 1254 1255 1256 1257 1258 1259 1260 1261 1262 1263 1264 1265 1266 1268 1269 1270 1271 1333 1334 1335 1336 1337 1365 1366
13,0,0.0,125213.26599999997,118987.52174418373,106 108 109 110 111 112 117 119 120 121 122 123 124 125 126 127 128 129 130 154 155 156 157 158 159 160 161 166 545 546 547 549 550 551 552 553 554 555 556 557 558 559 560 561 562 563 564 565 566 567 568 569 570 571 572 573 574 575 576 577 578 579 580 581 582 583 584 585 586 587 588 589 590 591 592 593 594 595 596 597 598 599 600 601 602 603 604 605 606 607 608 609 610 611 612 613 614 615 616 617 618 619 620 621 622 623 624 625 626 627 628 629 630 631 632 633 634 635 636 637 638 639 640 641 642 643 644 645 646 647 648 649 651 652 653 654 655 656 657 658 659 660 661 663 667 668 669 670 671 673 674 675 676 677 678 679 680 681 682 683 684 685 686 687 688 689 690 691 697 706 707 708 709 710 711 712 713 714 715 716 717 718 719 720 721 722 723 724 725 726 727 728 729 730 731 732 733 734 735 736 737 738 739 740 741 742 743 744 745 746 747 748 749 750 751 752 753 754 755 756 757 758 759 760 761 762 763 764 765 766 767 768 769 770 775 776 777 780 787 788 789 790 791 792 793 794 795 796 797 798 799 800 801 802 803 804 805 806 807 808 809 810 811 812 813 814 815 816 817 818 819 820 821 822 823 824 825 826 827 828 829 830 831 832 833 834 835 836 837 838 839 840 841 842 843 844 845 846 847 848 849 850 851 852 858 898 902 903 904 905 906
13,1,38706.50113180695,27077.696000000004,0.0,0 1 2 3 4 5 6 7 8 9 10 11 12 13 14 15 16 17 18 19 20 21 22 23 24 25 26 27 28 29 30 31 32 33 34 35 36 37 38 39 40 41 42 43 44 45 46 47 49 50 75 78
13,2,0.0,111700.194,77389.5399183553,415 416 418 419 420 421 422 423 424 425 426 427 429 430 431 432 433 434 435 436 437 438 439 440 441 442 443 444 445 446 472 473 474 475 476 477 478 479 480 481 482 483 484 485 486 487 488 489 490 491 492 493 494 495 496 497 498 499 500 501 502 503 504 505 506 507 508 509 510 511 512 513 514 515 516 517 518 519 520 521 522 523 524 525 526 527 528 529 530 531 532 533 534 535 536 537 538 539 540 541 542 543 544 548 650 662 664 665 666 672 692 693 694 695 696 698 699 700 701 702 703 704 705 771 772 773 774 778 779 781 782 783 784 785 786 885 886 887 888 889 890 891 892 893 894 895 896 897 899 900 901 907 918 922 923 924 925 926 927 928 929 930 931 932 933 934 935 936 937 938 939 940 941 942 943 944 945 946 947 948 949 950 951 952 953 954 955 956 957 958 959 960 961 962 963 964 965 966 967 968 969 970 971 972 973 974 975 976 977 978 979 980 981 982 983 984 985 986 987 988 989 990 991 992 993 994 995 996 997 998 999 1000 1001 1002 1003 1004 1005 1006 1007 1008 1011 1012 1013 1014 1015 1016 1017 1018 1019 1020 1021 1022 1023 1024 1025 1026 1027 1028 1029 1030 1031 1032 1033 1034 1035
13,3,55537.616394791665,25744.832,0.0,52 53 54 55 56 57 58 59 60 61 62 63 64 65 66 67 68 69 70 71 72 73 74 76 77 79 80 81 82 83 84 85 86 87 88 89 90 91 92 93 94 95 96 97 98 99 100 101 102 103 104 105 107 113 114 115 116 118 131 132 133 134 135 136 218 219 220 221 222 223 224 225
13,4,6777.629533902069,70344.048,0.0,137 138 139 140 141 142 143 146 147 148 149 150 151 152 153 162 163 164 165 167 168 169 170 171 172 173 174 175 176 177 178 179 180 181 182 183 184 185 186 187 188 189 190 191 192 193 194 195 196 197 198 199 200 201 202 203 204 205 206 207 208 209 210 211 212 213 214 215 216 217 309 310 311 312 313 314 315 316 317 318 319 320 321 322 323 324 325 326 327 328 329 330 331 332 333 334 335 336 337 338 339 340 341 342 343 344 345 346 347 348 349 350 351 352 353 354 355 356 357 358 359 360 361 362 363 364 365 366 367 368 370 371 372 373 374 376 379 380 381 382 383 391 392 393 394 395 396 397 398 399 401 407 410 411 412 413 853 854 855 856 857 859 860 861 862 863 864 865 866 867 868 869 870 871 872 873 874 875 876 877 878 879 880 1089 1090 1094 1095 1096 1097 1099 1100 1101 1102 1103 1104 1105
13,5,34161.75118917276,24866.533,0.0,144 145 226 227 228 229 230 231 232 233 234 235 236 237 238 239 240 241 242 243 244 245 246 247 248 249 250 251 252 253 254 255 256 257 258 259 260 261 262 263 264 265 266 267 268 269 270 271 272 273 274 275 276 277 278 279 280 281 282 283 284 285 286 287 288 289 290 291 292 293 294 295 296 297 298 299 300 301 302 303 304 305 306 307 308 384 385 386 387 388 389 390 400 402 403 404 405
13,6,0.0,11248.141000000003,0.0,1267 1311 1312 1338 1339 1340 1341 1342 1348 1349 1350 1351 1352 1353 1354 1355 1356 1357 1358 1359 1360 1361 1362 1363 1364 1367 1368 1369 1370 1371 1372 1373 1374 1375 1376 1377 1378 1379 1380 1381 1382 1383 1384 1385 1386 1387 1388 1389 1390 1391 1392 1393 1394 1395 1396 1397 1398 1399 1400 1401 1402 1403 1404 1405 1406 1407 1408 1409 1410 1411 1412 1413 1414 1415 1416 1417 1418
13,7,3074.56885403418,19018.516000000003,0.0,48 51 414 417 1272 1273 1274 1275 1276 1277 1278 1279 1280 1281 1282 1283 1284 1285 1286 1287 1288 1289 1290 1291 1292 1293 1294 1295 1296 1297 1298 1299 1300 1301 1302 1303 1304 1305 1306 1307 1308 1309 1310 1313 1314 1315 1316 1317 1318 1319 1320 1321 1322 1323 1324 1325 1326 1327 1328 1329 1330 1331 1332 1343 1344 1345 1346 1347
13,8,55537.616394791665,48786.630000000005,0.0,369 375 377 378 406 408 409 881 882 883 884 908 909 910 911 912 913 914 915 916 917 919 920 921 1009 1010 1036 1038 1039 1041 1042 1044 1045 1046 1047 1048 1049 1050 1051 1052 1053 1054 1055 1056 1057 1058 1059 1060 1061 1062 1063 1064 1065 1066 1067 1068 1069 1070 1071 1072 1073 1074 1075 1076 1077 1078 1079 1080 1081 1082 1083 1084 1085 1086 1087 1088 1091 1092 1093 1098 1106 1107 1108 1109 1110 1111 1112 1113 1114 1115 1116 1117 1118 1119 1120 1121 1122 1123 1124 1125 1126 1127 1128 1129 1130 1131 1132 1133 1134 1135 1136 1137 1138 1139 1140 1141 1142 1143 1144 1145 1146 1147 1148 1149 1150 1151 1152 1153 1154 1155 1156 1157 1158 1159 1160 1161 1162 1163 1164 1165 1166 1167 1168 1169 1170 1171 1172 1173 1174 1175
13,9,0.0,38411.344000000005,0.0,428 447 448 449 450 451 452 453 454 455 456 457 458 459 460 461 462 463 464 465 466 467 468 469 470 471 1037 1040 1043 1176 1177 1178 1179 1180 1181 1182 1183 1184 1185 1186 1187 1188 1189 1190 1191 1192 1193 1194 1195 1196 1197 1198 1199 1200 1201 1202 1203 1204 1205 1206 1207 1208 1209 1210 1211 1212 1213 1214 1215 1216 1217 1218 1219 1220 1221 1222 1223 1224 1225 1226 1227 1228 1229 1230 1231 1232 1233 1234 1235 1236 1237 1238 1239 1240 1241 1242 1243 1244 1245 1246 1247 1248 1249 1250 1251 1252 1253 1254 1255 1256 1257 1258 1259 1260 1261 1262 1263 1264 1265 1266 1268 1269 1270 1271 1333 1334 1335 1336 1337 1365 1366
14,0,0.0,129900.43800000004,123674.6937441838,106 108 109 110 111 112 117 119 120 121 122 123 124 125 126 127 128 129 130 154 155 156 157 158 159 160 161 166 545 546 547 549 550 551 552 553 554 555 556 557 558 559 560 561 562 563 564 565 566 567 568 569 570 571 572 573 574 575 576 577 578 579 580 581 582 583 584 585 586 587 588 589 590 591 592 593 594 595 596 597 598 599 600 601 602 603 604 605 606 607 608 609 610 611 612 613 614 615 616 617 618 619 620 621 622 623 624 625 626 627 628 629 630 631 632 633 634 635 636 637 638 639 640 641 642 643 644 645 646 647 648 649 651 652 653 654 655 656 657 658 659 660 661 663 667 668 669 670 671 673 674 675 676 677 678 679 680 681 682 683 684 685 686 687 688 689 690 691 697 706 707 708 709 710 711 712 713 714 715 716 717 718 719 720 721 722 723 724 725 726 727 728 729 730 731 732 733 734 735 736 737 738 739 740 741 742 743 744 745 746 747 748 749 750 751 752 753 754 755 756 757 758 759 760 761 762 763 764 765 766 767 768 769 770 775 776 777 780 787 788 789 790 791 792 793 794 795 796 797 798 799 800 801 802 803 804 805 806 807 808 809 810 811 812 813 814 815 816 817 818 819 820 821 822 823 824 825 826 827 828 829 830 831 832 833 834 835 836 837 838 839 840 841 842 843 844 845 846 847 848 849 850 851 852 858 898 902 903 904 905 906
14,1,55537.616394791665,29564.041,0.0,0 1 2 3 4 5 6 7 8 9 10 11 12 13 14 15 16 17 18 19 20 21 22 23 24 25 26 27 28 29 30 31 32 33 34 35 36 37 38 39 40 41 42 43 44 45 46 47 49 50 75 78
14,2,0.0,118733.96599999988,84423.31191835518,415 416 418 419 420 421 422 423 424 425 426 427 429 430 431 432 433 434 435 436 437 438 439 440 441 442 443 444 445 446 472 473 474 475 476 477 478 479 480 481 482 483 484 485 486 487 488 489 490 491 492 493 494 495 496 497 498 499 500 501 502 503 504 505 506 507 508 509 510 511 512 513 514 515 516 517 518 519 520 521 522 523 524 525 526 527 528 529 530 531 532 533 534 535 536 537 538 539 540 541 542 543 544 548 650 662 664 665 666 672 692 693 694 695 696 698 699 700 701 702 703 704 705 771 772 773 774 778 779 781 782 783 784 785 786 885 886 887 888 889 890 891 892 893 894 895 896 897 899 900 901 907 918 922 923 924 925 926 927 928 929 930 931 932 933 934 935 936 937 938 939 940 941 942 943 944 945 946 947 948 949 950 951 952 953 954 955 956 957 958 959 960 961 962 963 964 965 966 967 968 969 970 971 972 973 974 975 976 977 978 979 980 981 982 983 984 985 986 987 988 989 990 991 992 993 994 995 996 997 998 999 1000 1001 1002 1003 1004 1005 1006 1007 1008 1011 1012 1013 1014 1015 1016 1017 1018 1019 1020 1021 1022 1023 1024 1025 1026 1027 1028 1029 1030 1031 1032 1033 1034 1035
14,3,55537.616394791665,26256.85100000002,0.0,52 53 54 55 56 57 58 59 60 61 62 63 64 65 66 67 68 69 70 71 72 73 74 76 77 79 80 81 82 83 84 85 86 87 88 89 90 91 92 93 94 95 96 97 98 99 100 101 102 103 104 105 107 113 114 115 116 118 131 132 133 134 135 136 218 219 220 221 222 223 224 225
14,4,3334.929800853153,75508.24600000001,0.0,137 138 139 140 141 142 143 146 147 148 149 150 151 152 153 162 163 164 165 167 168 169 170 171 172 173 174 175 176 177 178 179 180 181 182 183 184 185 186 187 188 189 190 191 192 193 194 195 196 197 198 199 200 201 202 203 204 205 206 207 208 209 210 211 212 213 214 215 216 217 309 310 311 312 313 314 315 316 317 318 319 320 321 322 323 324 325 326 327 328 329 330 331 332 333 334 335 336 337 338 339 340 341 342 343 344 345 346 347 348 349 350 351 352 353 354 355 356 357 358 359 360 361 362 363 364 365 366 367 368 370 371 372 373 374 376 379 380 381 382 383 391 392 393 394 395 396 397 398 399 401 407 410 411 412 413 853 854 855 856 857 859 860 861 862 863 864 865 866 867 868 869 870 871 872 873 874 875 876 877 878 879 880 1089 1090 1094 1095 1096 1097 1099 1100 1101 1102 1103 1104 1105
14,5,55537.616394791665,23727.951,0.0,144 145 226 227 228 229 230 231 232 233 234 235 236 237 238 239 240 241 242 243 244 245 246 247 248 249 250 251 252 253 254 255 256 257 258 259 260 261 262 263 264 265 266 267 268 269 270 271 272 273 274 275 276 277 278 279 280 281 282 283 284 285 286 287 288 289 290 291 292 293 294 295 296 297 298 299 300 301 302 303 304 305 306 307 308 384 385 386 387 388 389 390 400 402 403 404 405
14,6,55537.616394791665,11587.245000000003,0.0,1267 1311 1312 1338 1339 1340 1341 1342 1348 1349 1350 1351 1352 1353 1354 1355 1356 1357 1358 1359 1360 1361 1362 1363 1364 1367 1368 1369 1370 1371 1372 1373 1374 1375 1376 1377 1378 1379 1380 1381 1382 1383 1384 1385 1386 1387 1388 1389 1390 1391 1392 1393 1394 1395 1396 1397 1398 1399 1400 1401 1402 1403 1404 1405 1406 1407 1408 1409 1410 1411 1412 1413 1414 1415 1416 1417 1418
14,7,55537.616394791665,20676.604000000003,0.0,48 51 414 417 1272 1273 1274 1275 1276 1277 1278 1279 1280 1281 1282 1283 1284 1285 1286 1287 1288 1289 1290 1291 1292 1293 1294 1295 1296 1297 1298 1299 1300 1301 1302 1303 1304 1305 1306 1307 1308 1309 1310 1313 1314 1315 1316 1317 1318 1319 1320 1321 1322 1323 1324 1325 1326 1327 1328 1329 1330 1331 1332 1343 1344 1345 1346 1347
14,8,55537.616394791665,50184.98300000004,0.0,369 375 377 378 406 408 409 881 882 883 884 908 909 910 911 912 913 914 915 916 917 919 920 921 1009 1010 1036 1038 1039 1041 1042 1044 1045 1046 1047 1048 1049 1050 1051 1052 1053 1054 1055 1056 1057 1058 1059 1060 1061 1062 1063 1064 1065 1066 1067 1068 1069 1070 1071 1072 1073 1074 1075 1076 1077 1078 1079 1080 1081 1082 1083 1084 1085 1086 1087 1088 1091 1092 1093 1098 1106 1107 1108 1109 1110 1111 1112 1113 1114 1115 1116 1117 1118 1119 1120 1121 1122 1123 1124 1125 1126 1127 1128 1129 1130 1131 1132 1133 1134 1135 1136 1137 1138 1139 1140 1141 1142 1143 1144 1145 1146 1147 1148 1149 1150 1151 1152 1153 1154 1155 1156 1157 1158 1159 1160 1161 1162 1163 1164 1165 1166 1167 1168 1169 1170 1171 1172 1173 1174 1175
14,9,55537.616394791665,37281.39200000001,0.0,428 447 448 449 450 451 452 453 454 455 456 457 458 459 460 461 462 463 464 465 466 467 468 469 470 471 1037 1040 1043 1176 1177 1178 1179 1180 1181 1182 1183 1184 1185 1186 1187 1188 1189 1190 1191 1192 1193 1194 1195 1196 1197 1198 1199 1200 1201 1202 1203 1204 1205 1206 1207 1208 1209 1210 1211 1212 1213 1214 1215 1216 1217 1218 1219 1220 1221 1222 1223 1224 1225 1226 1227 1228 1229 1230 1231 1232 1233 1234 1235 1236 1237 1238 1239 1240 1241 1242 1243 1244 1245 1246 1247 1248 1249 1250 1251 1252 1253 1254 1255 1256 1257 1258 1259 1260 1261 1262 1263 1264 1265 1266 1268 1269 1270 1271 1333 1334 1335 1336 1337 1365 1366
15,0,0.0,126338.43500000006,120112.69074418381,24 27 106 107 110 112 116 117 118 120 121 122 123 124 125 126 127 128 129 130 137 154 157 158 159 160 161 162 163 166 474 475 476 477 478 503 545 547 549 550 551 553 554 555 556 557 558 559 561 565 566 567 571 581 585 587 589 590 592 599 600 606 607 608 609 610 611 612 614 623 626 636 640 641 642 643 644 645 651 652 653 654 655 656 657 658 659 660 663 664 665 666 667 668 669 670 671 674 675 676 677 678 679 681 682 683 686 688 703 704 706 707 708 710 711 712 715 720 724 725 726 727 732 733 739 740 741 742 751 752 753 754 755 756 757 758 759 762 763 764 765 766 767 769 770 776 777 778 780 781 789 790 791 792 794 795 797 801 802 803 804 805 810 815 816 817 818 819 820 821 822 823 824 825 826 827 828 829 830 839 844 845 850 851 855 856 858 859 860 862 872 890 891 892 893 899 902 903 904
15,1,35912.17065777723,28302.350000000002,0.0,0 1 2 3 4 5 6 7 8 9 10 11 12 13 14 15 16 17 18 19 20 21 22 23 25 26 28 29 30 31 32 33 34 35 36 37 38 39 40 41 42 43 44 45 46 47 49 50 75 78 482 484 491 523 526 527 546 552 560 562 563
15,2,0.0,128446.44900000002,94135.79491835531,109 415 416 418 419 420 421 422 423 424 425 427 429 430 431 432 433 434 435 436 441 443 444 445 472 473 479 480 481 483 485 486 487 488 489 490 492 493 494 495 496 497 498 499 500 501 502 505 506 507 508 511 512 514 515 516 517 518 520 521 522 524 525 528 529 530 531 532 533 534 535 536 537 538 539 540 541 542 544 548 568 580 582 583 586 594 602 603 605 613 617 619 620 621 622 624 625 627 628 629 630 633 635 637 638 639 646 647 648 649 650 661 662 672 673 680 684 685 687 689 690 691 692 693 694 695 696 697 698 699 700 701 702 705 709 713 714 717 721 722 723 736 737 744 745 746 747 761 771 772 773 774 775 779 783 784 785 786 787 788 793 796 799 800 806 809 885 886 887 888 889 894 896 901 918 922 923 924 925 926 927 928 929 930 931 932 933 934 935 936 937 938 939 940 941 942 943 944 945 946 947 948 949 950 951 952 953 954 955 956 957 958 959 960 961 962 963 964 965 967 969 970 971 972 975 976 977 978 979 980 981 982 983 984 985 987 988 990 991 992 993 994 995 997 998 999 1000 1001 1002 1007 1008 1011 1012 1013 1014 1015 1016 1017 1018 1019 1020 1021 1023 1025 1026 1027 1028 1029 1030 1032 1033 1034 1035
15,3,21803.43082329011,26430.017000000018,0.0,52 53 54 55 56 57 58 59 60 61 62 63 64 65 66 67 68 69 70 71 72 73 74 76 77 79 80 81 82 83 84 85 86 87 88 89 90 91 92 93 94 95 96 97 98 99 100 101 102 103 104 105 108 111 113 114 115 131 132 133 134 135 136 218 219 220 221 222 223 224 225 564
15,4,0.0,82514.31200000008,7113.835932195827,119 138 139 140 141 142 143 146 147 148 149 150 151 152 153 155 156 164 165 167 168 169 170 171 172 173 174 175 176 177 178 179 180 181 182 183 184 185 186 187 188 189 190 191 192 193 194 195 196 197 198 199 200 201 202 203 204 205 206 207 208 209 210 211 212 213 214 215 216 217 309 310 311 312 313 314 315 316 317 318 319 320 321 322 323 324 325 326 327 328 329 330 331 332 333 334 335 336 337 338 339 340 341 342 343 344 345 346 347 348 349 350 351 352 353 354 355 356 357 358 359 360 361 362 363 364 365 366 367 368 370 371 372 373 374 376 379 380 381 382 383 391 392 393 394 395 396 397 398 399 401 407 410 411 412 413 569 570 572 573 574 575 576 577 578 579 584 588 591 593 595 596 597 598 601 604 615 616 618 631 632 634 716 718 719 728 729 730 731 734 735 738 743 748 749 750 760 768 798 807 808 811 812 813 814 831 832 833 834 835 836 837 838 840 841 842 843 846 847 848 849 852 853 854 857 861 863 864 865 866 867 868 869 870 871 873 874 875 876 877 878 879 880 1089 1090 1094 1095 1096 1097 1099 1100 1101 1102 1103 1104 1105
15,5,0.0,25888.613,0.0,144 145 226 227 228 229 230 231 232 233 234 235 236 237 238 239 240 241 242 243 244 245 246 247 248 249 250 251 252 253 254 255 256 257 258 259 260 261 262 263 264 265 266 267 268 269 270 271 272 273 274 275 276 277 278 279 280 281 282 283 284 285 286 287 288 289 290 291 292 293 294 295 296 297 298 299 300 301 302 303 304 305 306 307 308 384 385 386 387 388 389 390 400 402 403 404 405
15,6,0.0,13516.413999999999,0.0,1267 1311 1312 1338 1339 1340 1341 1342 1348 1349 1350 1351 1352 1353 1354 1355 1356 1357 1358 1359 1360 1361 1362 1363 1364 1367 1368 1369 1370 1371 1372 1373 1374 1375 1376 1377 1378 1379 1380 1381 1382 1383 1384 1385 1386 1387 1388 1389 1390 1391 1392 1393 1394 1395 1396 1397 1398 1399 1400 1401 1402 1403 1404 1405 1406 1407 1408 1409 1410 1411 1412 1413 1414 1415 1416 1417 1418
15,7,0.0,21541.482999999997,0.0,48 51 414 417 1272 1273 1274 1275 1276 1277 1278 1279 1280 1281 1282 1283 1284 1285 1286 1287 1288 1289 1290 1291 1292 1293 1294 1295 1296 1297 1298 1299 1300 1301 1302 1303 1304 1305 1306 1307 1308 1309 1310 1313 1314 1315 1316 1317 1318 1319 1320 1321 1322 1323 1324 1325 1326 1327 1328 1329 1330 1331 1332 1343 1344 1345 1346 1347
15,8,55537.616394791665,58633.445999999996,0.0,369 375 377 378 406 408 409 504 509 510 513 519 782 881 882 883 884 895 897 898 900 905 906 907 908 909 910 911 912 913 914 915 916 917 919 920 921 966 968 973 974 986 989 996 1003 1004 1005 1006 1009 1010 1022 1024 1036 1038 1039 1041 1042 1044 1045 1046 1047 1048 1049 1050 1051 1052 1053 1054 1055 1056 1057 1058 1059 1060 1061 1062 1063 1064 1065 1066 1067 1068 1069 1070 1071 1072 1073 1074 1075 1076 1077 1078 1079 1080 1081 1082 1083 1084 1085 1086 1087 1088 1091 1092 1093 1098 1106 1107 1108 1109 1110 1111 1112 1113 1114 1115 1116 1117 1118 1119 1120 1121 1122 1123 1124 1125 1126 1127 1128 1129 1130 1131 1132 1133 1134 1135 1136 1137 1138 1139 1140 1141 1142 1143 1144 1145 1146 1147 1148 1149 1150 1151 1152 1153 1154 1155 1156 1157 1158 1159 1160 1161 1162 1163 1164 1165 1166 1167 1168 1169 1170 1171 1172 1173 1174 1175
15,9,37331.322759123694,38887.16299999999,0.0,426 428 437 438 439 440 442 446 447 448 449 450 451 452 453 454 455 456 457 458 459 460 461 462 463 464 465 466 467 468 469 470 471 543 1031 1037 1040 1043 1176 1177 1178 1179 1180 1181 1182 1183 1184 1185 1186 1187 1188 1189 1190 1191 1192 1193 1194 1195 1196 1197 1198 1199 1200 1201 1202 1203 1204 1205 1206 1207 1208 1209 1210 1211 1212 1213 1214 1215 1216 1217 1218 1219 1220 1221 1222 1223 1224 1225 1226 1227 1228 1229 1230 1231 1232 1233 1234 1235 1236 1237 1238 1239 1240 1241 1242 1243 1244 1245 1246 1247 1248 1249 1250 1251 1252 1253 1254 1255 1256 1257 1258 1259 1260 1261 1262 1263 1264 1265 1266 1268 1269 1270 1271 1333 1334 1335 1336 1337 1365 1366
16,0,0.0,122963.30199999997,114825.26243110427,24 27 106 107 110 112 116 117 118 120 121 122 123 124 125 126 127 128 129 130 137 154 157 158 159 160 161 162 163 166 474 475 476 477 478 503 545 547 549 550 551 553 554 555 556 557 558 559 561 565 566 567 571 581 585 587 589 590 592 599 600 606 607 608 609 610 611 612 614 623 626 636 640 641 642 643 644 645 651 652 653 654 655 656 657 658 659 660 663 664 665 666 667 668 669 670 671 674 675 676 677 678 679 681 682 683 686 688 703 704 706 707 708 710 711 712 715 720 724 725 726 727 732 733 739 740 741 742 751 752 753 754 755 756 757 758 759 762 763 764 765 766 767 769 770 776 777 778 780 781 789 790 791 792 794 795 797 801 802 803 804 805 810 815 816 817 818 819 820 821 822 823 824 825 826 827 828 829 830 839 844 845 850 851 855 856 858 859 860 862 872 890 891 892 893 899 902 903 904
16,1,44514.03064636732,27969.358999999986,0.0,0 1 2 3 4 5 6 7 8 9 10 11 12 13 14 15 16 17 18 19 20 21 22 23 25 26 28 29 30 31 32 33 34 35 36 37 38 39 40 41 42 43 44 45 46 47 49 50 75 78 482 484 491 523 526 527 546 552 560 562 563
16,2,0.0,127186.57700000006,82160.69875521777,109 415 416 418 419 420 421 422 423 424 425 427 429 430 431 432 433 434 435 436 441 443 444 445 472 473 479 480 481 483 485 486 487 488 489 490 492 493 494 495 496 497 498 499 500 501 502 505 506 507 508 511 512 514 515 516 517 518 520 521 522 524 525 528 529 530 531 532 533 534 535 536 537 538 539 540 541 542 544 548 568 580 582 583 586 594 602 603 605 613 617 619 620 621 622 624 625 627 628 629 630 633 635 637 638 639 646 647 648 649 650 661 662 672 673 680 684 685 687 689 690 691 692 693 694 695 696 697 698 699 700 701 702 705 709 713 714 717 721 722 723 736 737 744 745 746 747 761 771 772 773 774 775 779 783 784 785 786 787 788 793 796 799 800 806 809 885 886 887 888 889 894 896 901 918 922 923 924 925 926 927 928 929 930 931 932 933 934 935 936 937 938 939 940 941 942 943 944 945 946 947 948 949 950 951 952 953 954 955 956 957 958 959 960 961 962 963 964 965 967 969 970 971 972 975 976 977 978 979 980 981 982 983 984 985 987 988 990 991 992 993 994 995 997 998 999 1000 1001 1002 1007 1008 1011 1012 1013 1014 1015 1016 1017 1018 1019 1020 1021 1023 1025 1026 1027 1028 1029 1030 1032 1033 1034 1035
16,3,21803.43082329011,25960.170999999995,0.0,52 53 54 55 56 57 58 59 60 61 62 63 64 65 66 67 68 69 70 71 72 73 74 76 77 79 80 81 82 83 84 85 86 87 88 89 90 91 92 93 94 95 96 97 98 99 100 101 102 103 104 105 108 111 113 114 115 131 132 133 134 135 136 218 219 220 221 222 223 224 225 564
16,4,7248.686065993374,83195.69999999994,0.0,119 138 139 140 141 142 143 146 147 148 149 150 151 152 153 155 156 164 165 167 168 169 170 171 172 173 174 175 176 177 178 179 180 181 182 183 184 185 186 187 188 189 190 191 192 193 194 195 196 197 198 199 200 201 202 203 204 205 206 207 208 209 210 211 212 213 214 215 216 217 309 310 311 312 313 314 315 316 317 318 319 320 321 322 323 324 325 326 327 328 329 330 331 332 333 334 335 336 337 338 339 340 341 342 343 344 345 346 347 348 349 350 351 352 353 354 355 356 357 358 359 360 361 362 363 364 365 366 367 368 370 371 372 373 374 376 379 380 381 382 383 391 392 393 394 395 396 397 398 399 401 407 410 411 412 413 569 570 572 573 574 575 576 577 578 579 584 588 591 593 595 596 597 598 601 604 615 616 618 631 632 634 716 718 719 728 729 730 731 734 735 738 743 748 749 750 760 768 798 807 808 811 812 813 814 831 832 833 834 835 836 837 838 840 841 842 843 846 847 848 849 852 853 854 857 861 863 864 865 866 867 868 869 870 871 873 874 875 876 877 878 879 880 1089 1090 1094 1095 1096 1097 1099 1100 1101 1102 1103 1104 1105
16,5,0.0,23890.861999999994,0.0,144 145 226 227 228 229 230 231 232 233 234 235 236 237 238 239 240 241 242 243 244 245 246 247 248 249 250 251 252 253 254 255 256 257 258 259 260 261 262 263 264 265 266 267 268 269 270 271 272 273 274 275 276 277 278 279 280 281 282 283 284 285 286 287 288 289 290 291 292 293 294 295 296 297 298 299 300 301 302 303 304 305 306 307 308 384 385 386 387 388 389 390 400 402 403 404 405
16,6,0.0,12454.568999999998,0.0,1267 1311 1312 1338 1339 1340 1341 1342 1348 1349 1350 1351 1352 1353 1354 1355 1356 1357 1358 1359 1360 1361 1362 1363 1364 1367 1368 1369 1370 1371 1372 1373 1374 1375 1376 1377 1378 1379 1380 1381 1382 1383 1384 1385 1386 1387 1388 1389 1390 1391 1392 1393 1394 1395 1396 1397 1398 1399 1400 1401 1402 1403 1404 1405 1406 1407 1408 1409 1410 1411 1412 1413 1414 1415 1416 1417 1418
16,7,0.0,20069.076999999997,0.0,48 51 414 417 1272 1273 1274 1275 1276 1277 1278 1279 1280 1281 1282 1283 1284 1285 1286 1287 1288 1289 1290 1291 1292 1293 1294 1295 1296 1297 1298 1299 1300 1301 1302 1303 1304 1305 1306 1307 1308 1309 1310 1313 1314 1315 1316 1317 1318 1319 1320 1321 1322 1323 1324 1325 1326 1327 1328 1329 1330 1331 1332 1343 1344 1345 1346 1347
16,8,55537.616394791665,58083.24999999999,0.0,369 375 377 378 406 408 409 504 509 510 513 519 782 881 882 883 884 895 897 898 900 905 906 907 908 909 910 911 912 913 914 915 916 917 919 920 921 966 968 973 974 986 989 996 1003 1004 1005 1006 1009 1010 1022 1024 1036 1038 1039 1041 1042 1044 1045 1046 1047 1048 1049 1050 1051 1052 1053 1054 1055 1056 1057 1058 1059 1060 1061 1062 1063 1064 1065 1066 1067 1068 1069 1070 1071 1072 1073 1074 1075 1076 1077 1078 1079 1080 1081 1082 1083 1084 1085 1086 1087 1088 1091 1092 1093 1098 1106 1107 1108 1109 1110 1111 1112 1113 1114 1115 1116 1117 1118 1119 1120 1121 1122 1123 1124 1125 1126 1127 1128 1129 1130 1131 1132 1133 1134 1135 1136 1137 1138 1139 1140 1141 1142 1143 1144 1145 1146 1147 1148 1149 1150 1151 1152 1153 1154 1155 1156 1157 1158 1159 1160 1161 1162 1163 1164 1165 1166 1167 1168 1169 1170 1171 1172 1173 1174 1175
16,9,41268.190142253065,40486.933,0.0,426 428 437 438 439 440 442 446 447 448 449 450 451 452 453 454 455 456 457 458 459 460 461 462 463 464 465 466 467 468 469 470 471 543 1031 1037 1040 1043 1176 1177 1178 1179 1180 1181 1182 1183 1184 1185 1186 1187 1188 1189 1190 1191 1192 1193 1194 1195 1196 1197 1198 1199 1200 1201 1202 1203 1204 1205 1206 1207 1208 1209 1210 1211 1212 1213 1214 1215 1216 1217 1218 1219 1220 1221 1222 1223 1224 1225 1226 1227 1228 1229 1230 1231 1232 1233 1234 1235 1236 1237 1238 1239 1240 1241 1242 1243 1244 1245 1246 1247 1248 1249 1250 1251 1252 1253 1254 1255 1256 1257 1258 1259 1260 1261 1262 1263 1264 1265 1266 1268 1269 1270 1271 1333 1334 1335 1336 1337 1365 1366
17,0,0.0,128240.81400000003,120102.77443110434,24 27 106 107 110 112 116 117 118 120 121 122 123 124 125 126 127 128 129 130 137 154 157 158 159 160 161 162 163 166 474 475 476 477 478 503 545 547 549 550 551 553 554 555 556 557 558 559 561 565 566 567 571 581 585 587 589 590 592 599 600 606 607 608 609 610 611 612 614 623 626 636 640 641 642 643 644 645 651 652 653 654 655 656 657 658 659 660 663 664 665 666 667 668 669 670 671 674 675 676 677 678 679 681 682 683 686 688 703 704 706 707 708 710 711 712 715 720 724 725 726 727 732 733 739 740 741 742 751 752 753 754 755 756 757 758 759 762 763 764 765 766 767 769 770 776 777 778 780 781 789 790 791 792 794 795 797 801 802 803 804 805 810 815 816 817 818 819 820 821 822 823 824 825 826 827 828 829 830 839 844 845 850 851 855 856 858 859 860 862 872 890 891 892 893 899 902 903 904
17,1,44514.03064636732,27807.547000000002,0.0,0 1 2 3 4 5 6 7 8 9 10 11 12 13 14 15 16 17 18 19 20 21 22 23 25 26 28 29 30 31 32 33 34 35 36 37 38 39 40 41 42 43 44 45 46 47 49 50 75 78 482 484 491 523 526 527 546 552 560 562 563
17,2,0.0,129991.26700000014,84965.38875521785,109 415 416 418 419 420 421 422 423 424 425 427 429 430 431 432 433 434 435 436 441 443 444 445 472 473 479 480 481 483 485 486 487 488 489 490 492 493 494 495 496 497 498 499 500 501 502 505 506 507 508 511 512 514 515 516 517 518 520 521 522 524 525 528 529 530 531 532 533 534 535 536 537 538 539 540 541 542 544 548 568 580 582 583 586 594 602 603 605 613 617 619 620 621 622 624 625 627 628 629 630 633 635 637 638 639 646 647 648 649 650 661 662 672 673 680 684 685 687 689 690 691 692 693 694 695 696 697 698 699 700 701 702 705 709 713 714 717 721 722 723 736 737 744 745 746 747 761 771 772 773 774 775 779 783 784 785 786 787 788 793 796 799 800 806 809 885 886 887 888 889 894 896 901 918 922 923 924 925 926 927 928 929 930 931 932 933 934 935 936 937 938 939 940 941 942 943 944 945 946 947 948 949 950 951 952 953 954 955 956 957 958 959 960 961 962 963 964 965 967 969 970 971 972 975 976 977 978 979 980 981 982 983 984 985 987 988 990 991 992 993 994 995 997 998 999 1000 1001 1002 1007 1008 1011 1012 1013 1014 1015 1016 1017 1018 1019 1020 1021 1023 1025 1026 1027 1028 1029 1030 1032 1033 1034 1035
17,3,21803.43082329011,28708.416999999998,0.0,52 53 54 55 56 57 58 59 60 61 62 63 64 65 66 67 68 69 70 71 72 73 74 76 77 79 80 81 82 83 84 85 86 87 88 89 90 91 92 93 94 95 96 97 98 99 100 101 102 103 104 105 108 111 113 114 115 131 132 133 134 135 136 218 219 220 221 222 223 224 225 564
17,4,14707.912131986683,82985.16,0.0,119 138 139 140 141 142 143 146 147 148 149 150 151 152 153 155 156 164 165 167 168 169 170 171 172 173 174 175 176 177 178 179 180 181 182 183 184 185 186 187 188 189 190 191 192 193 194 195 196 197 198 199 200 201 202 203 204 205 206 207 208 209 210 211 212 213 214 215 216 217 309 310 311 312 313 314 315 316 317 318 319 320 321 322 323 324 325 326 327 328 329 330 331 332 333 334 335 336 337 338 339 340 341 342 343 344 345 346 347 348 349 350 351 352 353 354 355 356 357 358 359 360 361 362 363 364 365 366 367 368 370 371 372 373 374 376 379 380 381 382 383 391 392 393 394 395 396 397 398 399 401 407 410 411 412 413 569 570 572 573 574 575 576 577 578 579 584 588 591 593 595 596 597 598 601 604 615 616 618 631 632 634 716 718 719 728 729 730 731 734 735 738 743 748 749 750 760 768 798 807 808 811 812 813 814 831 832 833 834 835 836 837 838 840 841 842 843 846 847 848 849 852 853 854 857 861 863 864 865 866 867 868 869 870 871 873 874 875 876 877 878 879 880 1089 1090 1094 1095 1096 1097 1099 1100 1101 1102 1103 1104 1105
17,5,0.0,26729.665999999997,0.0,144 145 226 227 228 229 230 231 232 233 234 235 236 237 238 239 240 241 242 243 244 245 246 247 248 249 250 251 252 253 254 255 256 257 258 259 260 261 262 263 264 265 266 267 268 269 270 271 272 273 274 275 276 277 278 279 280 281 282 283 284 285 286 287 288 289 290 291 292 293 294 295 296 297 298 299 300 301 302 303 304 305 306 307 308 384 385 386 387 388 389 390 400 402 403 404 405
17,6,0.0,12589.406,0.0,1267 1311 1312 1338 1339 1340 1341 1342 1348 1349 1350 1351 1352 1353 1354 1355 1356 1357 1358 1359 1360 1361 1362 1363 1364 1367 1368 1369 1370 1371 1372 1373 1374 1375 1376 1377 1378 1379 1380 1381 1382 1383 1384 1385 1386 1387 1388 1389 1390 1391 1392 1393 1394 1395 1396 1397 1398 1399 1400 1401 1402 1403 1404 1405 1406 1407 1408 1409 1410 1411 1412 1413 1414 1415 1416 1417 1418
17,7,0.0,20292.056,0.0,48 51 414 417 1272 1273 1274 1275 1276 1277 1278 1279 1280 1281 1282 1283 1284 1285 1286 1287 1288 1289 1290 1291 1292 1293 1294 1295 1296 1297 1298 1299 1300 1301 1302 1303 1304 1305 1306 1307 1308 1309 1310 1313 1314 1315 1316 1317 1318 1319 1320 1321 1322 1323 1324 1325 1326 1327 1328 1329 1330 1331 1332 1343 1344 1345 1346 1347
17,8,55537.616394791665,60040.644,0.0,369 375 377 378 406 408 409 504 509 510 513 519 782 881 882 883 884 895 897 898 900 905 906 907 908 909 910 911 912 913 914 915 916 917 919 920 921 966 968 973 974 986 989 996 1003 1004 1005 1006 1009 1010 1022 1024 1036 1038 1039 1041 1042 1044 1045 1046 1047 1048 1049 1050 1051 1052 1053 1054 1055 1056 1057 1058 1059 1060 1061 1062 1063 1064 1065 1066 1067 1068 1069 1070 1071 1072 1073 1074 1075 1076 1077 1078 1079 1080 1081 1082 1083 1084 1085 1086 1087 1088 1091 1092 1093 1098 1106 1107 1108 1109 1110 1111 1112 1113 1114 1115 1116 1117 1118 1119 1120 1121 1122 1123 1124 1125 1126 1127 1128 1129 1130 1131 1132 1133 1134 1135 1136 1137 1138 1139 1140 1141 1142 1143 1144 1145 1146 1147 1148 1149 1150 1151 1152 1153 1154 1155 1156 1157 1158 1159 1160 1161 1162 1163 1164 1165 1166 1167 1168 1169 1170 1171 1172 1173 1174 1175
17,9,41268.190142253065,40256.30499999997,0.0,426 428 437 438 439 440 442 446 447 448 449 450 451 452 453 454 455 456 457 458 459 460 461 462 463 464 465 466 467 468 469 470 471 543 1031 1037 1040 1043 1176 1177 1178 1179 1180 1181 1182 1183 1184 1185 1186 1187 1188 1189 1190 1191 1192 1193 1194 1195 1196 1197 1198 1199 1200 1201 1202 1203 1204 1205 1206 1207 1208 1209 1210 1211 1212 1213 1214 1215 1216 1217 1218 1219 1220 1221 1222 1223 1224 1225 1226 1227 1228 1229 1230 1231 1232 1233 1234 1235 1236 1237 1238 1239 1240 1241 1242 1243 1244 1245 1246 1247 1248 1249 1250 1251 1252 1253 1254 1255 1256 1257 1258 1259 1260 1261 1262 1263 1264 1265 1266 1268 1269 1270 1271 1333 1334 1335 1336 1337 1365 1366
18,0,0.0,129997.37900000002,121859.33943110432,24 27 106 107 110 112 116 117 118 120 121 122 123 124 125 126 127 128 129 130 137 154 157 158 159 160 161 162 163 166 474 475 476 477 478 503 545 547 549 550 551 553 554 555 556 557 558 559 561 565 566 567 571 581 585 587 589 590 592 599 600 606 607 608 609 610 611 612 614 623 626 636 640 641 642 643 644 645 651 652 653 654 655 656 657 658 659 660 663 664 665 666 667 668 669 670 671 674 675 676 677 678 679 681 682 683 686 688 703 704 706 707 708 710 711 712 715 720 724 725 726 727 732 733 739 740 741 742 751 752 753 754 755 756 757 758 759 762 763 764 765 766 767 769 770 776 777 778 780 781 789 790 791 792 794 795 797 801 802 803 804 805 810 815 816 817 818 819 820 821 822 823 824 825 826 827 828 829 830 839 844 845 850 851 855 856 858 859 860 862 872 890 891 892 893 899 902 903 904
18,1,55537.616394791665,27960.982999999997,0.0,0 1 2 3 4 5 6 7 8 9 10 11 12 13 14 15 16 17 18 19 20 21 22 23 25 26 28 29 30 31 32 33 34 35 36 37 38 39 40 41 42 43 44 45 46 47 49 50 75 78 482 484 491 523 526 527 546 552 560 562 563
18,2,0.0,127985.746,82959.86775521771,109 415 416 418 419 420 421 422 423 424 425 427 429 430 431 432 433 434 435 436 441 443 444 445 472 473 479 480 481 483 485 486 487 488 489 490 492 493 494 495 496 497 498 499 500 501 502 505 506 507 508 511 512 514 515 516 517 518 520 521 522 524 525 528 529 530 531 532 533 534 535 536 537 538 539 540 541 542 544 548 568 580 582 583 586 594 602 603 605 613 617 619 620 621 622 624 625 627 628 629 630 633 635 637 638 639 646 647 648 649 650 661 662 672 673 680 684 685 687 689 690 691 692 693 694 695 696 697 698 699 700 701 702 705 709 713 714 717 721 722 723 736 737 744 745 746 747 761 771 772 773 774 775 779 783 784 785 786 787 788 793 796 799 800 806 809 885 886 887 888 889 894 896 901 918 922 923 924 925 926 927 928 929 930 931 932 933 934 935 936 937 938 939 940 941 942 943 944 945 946 947 948 949 950 951 952 953 954 955 956 957 958 959 960 961 962 963 964 965 967 969 970 971 972 975 976 977 978 979 980 981 982 983 984 985 987 988 990 991 992 993 994 995 997 998 999 1000 1001 1002 1007 1008 1011 1012 1013 1014 1015 1016 1017 1018 1019 1020 1021 1023 1025 1026 1027 1028 1029 1030 1032 1033 1034 1035
18,3,55537.616394791665,28226.592999999997,0.0,52 53 54 55 56 57 58 59 60 61 62 63 64 65 66 67 68 69 70 71 72 73 74 76 77 79 80 81 82 83 84 85 86 87 88 89 90 91 92 93 94 95 96 97 98 99 100 101 102 103 104 105 108 111 113 114 115 131 132 133 134 135 136 218 219 220 221 222 223 224 225 564
18,4,21770.258197980016,83382.03999999998,0.0,119 138 139 140 141 142 143 146 147 148 149 150 151 152 153 155 156 164 165 167 168 169 170 171 172 173 174 175 176 177 178 179 180 181 182 183 184 185 186 187 188 189 190 191 192 193 194 195 196 197 198 199 200 201 202 203 204 205 206 207 208 209 210 211 212 213 214 215 216 217 309 310 311 312 313 314 315 316 317 318 319 320 321 322 323 324 325 326 327 328 329 330 331 332 333 334 335 336 337 338 339 340 341 342 343 344 345 346 347 348 349 350 351 352 353 354 355 356 357 358 359 360 361 362 363 364 365 366 367 368 370 371 372 373 374 376 379 380 381 382 383 391 392 393 394 395 396 397 398 399 401 407 410 411 412 413 569 570 572 573 574 575 576 577 578 579 584 588 591 593 595 596 597 598 601 604 615 616 618 631 632 634 716 718 719 728 729 730 731 734 735 738 743 748 749 750 760 768 798 807 808 811 812 813 814 831 832 833 834 835 836 837 838 840 841 842 843 846 847 848 849 852 853 854 857 861 863 864 865 866 867 868 869 870 871 873 874 875 876 877 878 879 880 1089 1090 1094 1095 1096 1097 1099 1100 1101 1102 1103 1104 1105
18,5,55537.616394791665,26030.465000000004,0.0,144 145 226 227 228 229 230 231 232 233 234 235 236 237 238 239 240 241 242 243 244 245 246 247 248 249 250 251 252 253 254 255 256 257 258 259 260 261 262 263 264 265 266 267 268 269 270 271 272 273 274 275 276 277 278 279 280 281 282 283 284 285 286 287 288 289 290 291 292 293 294 295 296 297 298 299 300 301 302 303 304 305 306 307 308 384 385 386 387 388 389 390 400 402 403 404 405
18,6,55537.616394791665,13128.849999999995,0.0,1267 1311 1312 1338 1339 1340 1341 1342 1348 1349 1350 1351 1352 1353 1354 1355 1356 1357 1358 1359 1360 1361 1362 1363 1364 1367 1368 1369 1370 1371 1372 1373 1374 1375 1376 1377 1378 1379 1380 1381 1382 1383 1384 1385 1386 1387 1388 1389 1390 1391 1392 1393 1394 1395 1396 1397 1398 1399 1400 1401 1402 1403 1404 1405 1406 1407 1408 1409 1410 1411 1412 1413 1414 1415 1416 1417 1418
18,7,55537.616394791665,21914.536999999993,0.0,48 51 414 417 1272 1273 1274 1275 1276 1277 1278 1279 1280 1281 1282 1283 1284 1285 1286 1287 1288 1289 1290 1291 1292 1293 1294 1295 1296 1297 1298 1299 1300 1301 1302 1303 1304 1305 1306 1307 1308 1309 1310 1313 1314 1315 1316 1317 1318 1319 1320 1321 1322 1323 1324 1325 1326 1327 1328 1329 1330 1331 1332 1343 1344 1345 1346 1347
18,8,55537.616394791665,61174.535,0.0,369 375 377 378 406 408 409 504 509 510 513 519 782 881 882 883 884 895 897 898 900 905 906 907 908 909 910 911 912 913 914 915 916 917 919 920 921 966 968 973 974 986 989 996 1003 1004 1005 1006 1009 1010 1022 1024 1036 1038 1039 1041 1042 1044 1045 1046 1047 1048 1049 1050 1051 1052 1053 1054 1055 1056 1057 1058 1059 1060 1061 1062 1063 1064 1065 1066 1067 1068 1069 1070 1071 1072 1073 1074 1075 1076 1077 1078 1079 1080 1081 1082 1083 1084 1085 1086 1087 1088 1091 1092 1093 1098 1106 1107 1108 1109 1110 1111 1112 1113 1114 1115 1116 1117 1118 1119 1120 1121 1122 1123 1124 1125 1126 1127 1128 1129 1130 1131 1132 1133 1134 1135 1136 1137 1138 1139 1140 1141 1142 1143 1144 1145 1146 1147 1148 1149 1150 1151 1152 1153 1154 1155 1156 1157 1158 1159 1160 1161 1162 1163 1164 1165 1166 1167 1168 1169 1170 1171 1172 1173 1174 1175
18,9,55537.616394791665,38323.905999999995,0.0,426 428 437 438 439 440 442 446 447 448 449 450 451 452 453 454 455 456 457 458 459 460 461 462 463 464 465 466 467 468 469 470 471 543 1031 1037 1040 1043 1176 1177 1178 1179 1180 1181 1182 1183 1184 1185 1186 1187 1188 1189 1190 1191 1192 1193 1194 1195 1196 1197 1198 1199 1200 1201 1202 1203 1204 1205 1206 1207 1208 1209 1210 1211 1212 1213 1214 1215 1216 1217 1218 1219 1220 1221 1222 1223 1224 1225 1226 1227 1228 1229 1230 1231 1232 1233 1234 1235 1236 1237 1238 1239 1240 1241 1242 1243 1244 1245 1246 1247 1248 1249 1250 1251 1252 1253 1254 1255 1256 1257 1258 1259 1260 1261 1262 1263 1264 1265 1266 1268 1269 1270 1271 1333 1334 1335 1336 1337 1365 1366
19,0,0.0,129971.80200000005,121833.76243110436,106 108 109 110 111 112 117 121 122 123 124 125 127 128 130 154 155 156 157 158 492 547 549 553 554 555 556 557 558 559 560 561 562 563 564 565 566 567 568 569 570 571 572 573 574 575 576 577 578 579 580 581 582 583 584 585 586 587 588 589 590 591 592 593 594 595 596 597 598 599 600 601 602 603 604 605 606 607 608 609 610 611 612 613 614 615 616 617 618 619 620 621 622 623 624 625 626 627 628 629 630 631 632 633 634 635 636 637 638 639 640 641 642 643 644 645 646 648 649 651 652 653 654 655 656 657 658 659 660 661 662 663 664 668 669 670 671 672 673 674 675 676 677 678 679 680 681 682 683 684 685 686 687 688 690 691 692 697 699 706 707 708 709 710 711 712 713 714 715 716 718 719 720 721 722 723 724 725 726 727 728 729 730 731 732 733 734 735 736 737 738 739 740 741 742 743 744 745 746 747 748 749 750 751 752 753 754 755 756 757 758 759 760 761 762 763 764 765 766 767 768 769 770 775 776 780 787 788 789 790 791 792 793 794 795 796 797 798 799 800 801 802 803 804 805 806 807 808 809 810 811 812 813 814 815 816 817 818 819 820 821 822 823 825 826 827 828 829 830 831 832 833 834 835 836 837 838 839 841 842 843 844 845 846 848 898 899 900 902 903 904 905 1023
19,1,55537.616394791665,33366.61,0.0,0 1 2 3 4 5 6 7 8 9 10 11 12 13 14 15 16 17 18 19 20 21 22 23 24 25 26 27 28 29 30 31 32 33 34 35 36 37 38 39 40 41 42 43 44 45 46 47 49 50 75 78 473 474 545 546 552
19,2,0.0,122981.83799999996,77955.95975521767,418 419 420 421 422 423 424 426 429 430 431 432 433 434 435 436 437 438 440 441 442 443 445 472 475 476 477 478 479 480 481 482 483 484 485 486 487 488 489 490 491 493 494 495 496 497 498 499 500 501 502 503 504 505 506 507 508 509 510 511 512 513 514 515 516 517 518 519 520 521 522 523 524 525 526 527 528 529 530 531 532 533 534 535 536 537 538 539 540 541 542 543 544 548 550 551 647 650 665 666 667 689 693 694 695 696 698 700 701 702 703 704 705 717 771 772 773 774 777 778 779 781 782 783 784 785 786 885 886 887 888 889 890 891 892 894 895 896 897 901 922 923 924 925 926 927 928 929 930 931 932 933 934 935 936 937 938 939 940 941 942 943 944 945 946 947 948 949 950 951 952 953 954 955 956 957 958 959 960 961 962 963 964 965 966 967 968 969 970 971 972 973 974 975 976 977 978 979 980 981 982 983 984 985 986 987 988 989 990 991 992 993 994 995 996 997 998 999 1000 1001 1002 1003 1004 1005 1006 1007 1011 1012 1015 1016 1017 1018 1019 1020 1021 1022 1024 1025 1026 1027 1028 1029 1030 1031 1032 1033
19,3,0.0,28851.97,0.0,52 53 54 55 56 57 58 59 60 61 62 63 64 65 66 67 68 69 70 71 72 73 74 76 77 79 80 81 82 83 84 85 86 87 88 89 90 91 92 93 94 95 96 97 98 99 100 101 102 103 104 105 107 113 114 115 116 118 131 132 133 134 135 136 218 219 220 221 222 223 224 225
19,4,23966.4012639716,86671.54799999998,0.0,119 120 126 129 137 138 139 140 141 142 143 146 147 148 149 150 151 152 153 159 160 161 162 163 164 165 166 167 168 169 170 171 172 173 174 175 176 177 178 179 180 181 182 183 184 185 186 187 188 189 190 191 192 193 194 195 196 197 198 199 200 201 202 203 204 205 206 207 208 209 210 211 212 213 214 215 216 217 309 310 311 312 313 314 315 316 317 318 319 320 321 322 323 324 325 326 327 328 329 330 331 332 333 334 335 336 337 338 339 340 341 342 343 344 345 346 347 348 349 350 351 352 353 354 355 356 357 358 359 360 361 362 363 364 365 366 367 368 370 371 372 373 374 376 379 380 381 382 383 391 392 393 394 395 396 397 398 399 401 407 410 411 412 413 824 840 847 849 850 851 852 853 854 855 856 857 858 859 860 861 862 863 864 865 866 867 868 869 870 871 872 873 874 875 876 877 878 879 880 1089 1090 1094 1095 1096 1097 1099 1100 1101 1102 1103 1104 1105
19,5,0.0,27833.803000000004,0.0,144 145 226 227 228 229 230 231 232 233 234 235 236 237 238 239 240 241 242 243 244 245 246 247 248 249 250 251 252 253 254 255 256 257 258 259 260 261 262 263 264 265 266 267 268 269 270 271 272 273 274 275 276 277 278 279 280 281 282 283 284 285 286 287 288 289 290 291 292 293 294 295 296 297 298 299 300 301 302 303 304 305 306 307 308 384 385 386 387 388 389 390 400 402 403 404 405
19,6,0.0,13987.456000000002,0.0,1267 1311 1312 1338 1339 1340 1341 1342 1348 1349 1350 1351 1352 1353 1354 1355 1356 1357 1358 1359 1360 1361 1362 1363 1364 1367 1368 1369 1370 1371 1372 1373 1374 1375 1376 1377 1378 1379 1380 1381 1382 1383 1384 1385 1386 1387 1388 1389 1390 1391 1392 1393 1394 1395 1396 1397 1398 1399 1400 1401 1402 1403 1404 1405 1406 1407 1408 1409 1410 1411 1412 1413 1414 1415 1416 1417 1418
19,7,0.0,22942.493000000002,0.0,48 51 414 415 417 1272 1273 1274 1275 1276 1277 1278 1279 1280 1281 1282 1283 1284 1285 1286 1287 1288 1289 1290 1291 1292 1293 1294 1295 1296 1297 1298 1299 1300 1301 1302 1303 1304 1305 1306 1307 1308 1309 1310 1313 1314 1315 1316 1317 1318 1319 1320 1321 1322 1323 1324 1325 1326 1327 1328 1329 1330 1331 1332 1343 1344 1345 1346 1347
19,8,22304.010483590304,61215.39500000002,0.0,369 375 377 378 406 408 409 881 882 883 884 893 906 907 908 909 910 911 912 913 914 915 916 917 918 919 920 921 1008 1009 1010 1013 1014 1035 1036 1038 1039 1041 1042 1044 1045 1046 1047 1048 1049 1050 1051 1052 1053 1054 1055 1056 1057 1058 1059 1060 1061 1062 1063 1064 1065 1066 1067 1068 1069 1070 1071 1072 1073 1074 1075 1076 1077 1078 1079 1080 1081 1082 1083 1084 1085 1086 1087 1088 1091 1092 1093 1098 1106 1107 1108 1109 1110 1111 1112 1113 1114 1115 1116 1117 1118 1119 1120 1121 1122 1123 1124 1125 1126 1127 1128 1129 1130 1131 1132 1133 1134 1135 1136 1137 1138 1139 1140 1141 1142 1143 1144 1145 1146 1147 1148 1149 1150 1151 1152 1153 1154 1155 1156 1157 1158 1159 1160 1161 1162 1163 1164 1165 1166 1167 1168 1169 1170 1171 1172 1173 1174 1175
19,9,55537.616394791665,40056.293,0.0,416 425 427 428 439 444 446 447 448 449 450 451 452 453 454 455 456 457 458 459 460 461 462 463 464 465 466 467 468 469 470 471 1034 1037 1040 1043 1176 1177 1178 1179 1180 1181 1182 1183 1184 1185 1186 1187 1188 1189 1190 1191 1192 1193 1194 1195 1196 1197 1198 1199 1200 1201 1202 1203 1204 1205 1206 1207 1208 1209 1210 1211 1212 1213 1214 1215 1216 1217 1218 1219 1220 1221 1222 1223 1224 1225 1226 1227 1228 1229 1230 1231 1232 1233 1234 1235 1236 1237 1238 1239 1240 1241 1242 1243 1244 1245 1246 1247 1248 1249 1250 1251 1252 1253 1254 1255 1256 1257 1258 1259 1260 1261 1262 1263 1264 1265 1266 1268 1269 1270 1271 1333 1334 1335 1336 1337 1365 1366
20,0,0.0,129651.99500000002,120298.0139253051,106 108 109 110 111 112 117 121 122 123 124 125 127 128 130 154 155 156 157 158 492 547 549 553 554 555 556 557 558 559 560 561 562 563 564 565 566 567 568 569 570 571 572 573 574 575 576 577 578 579 580 581 582 583 584 585 586 587 588 589 590 591 592 593 594 595 596 597 598 599 600 601 602 603 604 605 606 607 608 609 610 611 612 613 614 615 616 617 618 619 620 621 622 623 624 625 626 627 628 629 630 631 632 633 634 635 636 637 638 639 640 641 642 643 644 645 646 648 649 651 652 653 654 655 656 657 658 659 660 661 662 663 664 668 669 670 671 672 673 674 675 676 677 678 679 680 681 682 683 684 685 686 687 688 690 691 692 697 699 706 707 708 709 710 711 712 713 714 715 716 718 719 720 721 722 723 724 725 726 727 728 729 730 731 732 733 734 735 736 737 738 739 740 741 742 743 744 745 746 747 748 749 750 751 752 753 754 755 756 757 758 759 760 761 762 763 764 765 766 767 768 769 770 775 776 780 787 788 789 790 791 792 793 794 795 796 797 798 799 800 801 802 803 804 805 806 807 808 809 810 811 812 813 814 815 816 817 818 819 820 821 822 823 825 826 827 828 829 830 831 832 833 834 835 836 837 838 839 841 842 843 844 845 846 848 898 899 900 902 903 904 905 1023
20,1,55537.616394791665,33767.778999999995,0.0,0 1 2 3 4 5 6 7 8 9 10 11 12 13 14 15 16 17 18 19 20 21 22 23 24 25 26 27 28 29 30 31 32 33 34 35 36 37 38 39 40 41 42 43 44 45 46 47 49 50 75 78 473 474 545 546 552
20,2,0.0,129960.28200000004,77644.95889769806,418 419 420 421 422 423 424 426 429 430 431 432 433 434 435 436 437 438 440 441 442 443 445 472 475 476 477 478 479 480 481 482 483 484 485 486 487 488 489 490 491 493 494 495 496 497 498 499 500 501 502 503 504 505 506 507 508 509 510 511 512 513 514 515 516 517 518 519 520 521 522 523 524 525 526 527 528 529 530 531 532 533 534 535 536 537 538 539 540 541 542 543 544 548 550 551 647 650 665 666 667 689 693 694 695 696 698 700 701 702 703 704 705 717 771 772 773 774 777 778 779 781 782 783 784 785 786 885 886 887 888 889 890 891 892 894 895 896 897 901 922 923 924 925 926 927 928 929 930 931 932 933 934 935 936 937 938 939 940 941 942 943 944 945 946 947 948 949 950 951 952 953 954 955 956 957 958 959 960 961 962 963 964 965 966 967 968 969 970 971 972 973 974 975 976 977 978 979 980 981 982 983 984 985 986 987 988 989 990 991 992 993 994 995 996 997 998 999 1000 1001 1002 1003 1004 1005 1006 1007 1011 1012 1015 1016 1017 1018 1019 1020 1021 1022 1024 1025 1026 1027 1028 1029 1030 1031 1032 1033
20,3,0.0,30093.296999999995,0.0,52 53 54 55 56 57 58 59 60 61 62 63 64 65 66 67 68 69 70 71 72 73 74 76 77 79 80 81 82 83 84 85 86 87 88 89 90 91 92 93 94 95 96 97 98 99 100 101 102 103 104 105 107 113 114 115 116 118 131 132 133 134 135 136 218 219 220 221 222 223 224 225
20,4,39944.09052724731,87832.89700000003,0.0,119 120 126 129 137 138 139 140 141 142 143 146 147 148 149 150 151 152 153 159 160 161 162 163 164 165 166 167 168 169 170 171 172 173 174 175 176 177 178 179 180 181 182 183 184 185 186 187 188 189 190 191 192 193 194 195 196 197 198 199 200 201 202 203 204 205 206 207 208 209 210 211 212 213 214 215 216 217 309 310 311 312 313 314 315 316 317 318 319 320 321 322 323 324 325 326 327 328 329 330 331 332 333 334 335 336 337 338 339 340 341 342 343 344 345 346 347 348 349 350 351 352 353 354 355 356 357 358 359 360 361 362 363 364 365 366 367 368 370 371 372 373 374 376 379 380 381 382 383 391 392 393 394 395 396 397 398 399 401 407 410 411 412 413 824 840 847 849 850 851 852 853 854 855 856 857 858 859 860 861 862 863 864 865 866 867 868 869 870 871 872 873 874 875 876 877 878 879 880 1089 1090 1094 1095 1096 1097 1099 1100 1101 1102 1103 1104 1105
20,5,0.0,27249.916000000005,0.0,144 145 226 227 228 229 230 231 232 233 234 235 236 237 238 239 240 241 242 243 244 245 246 247 248 249 250 251 252 253 254 255 256 257 258 259 260 261 262 263 264 265 266 267 268 269 270 271 272 273 274 275 276 277 278 279 280 281 282 283 284 285 286 287 288 289 290 291 292 293 294 295 296 297 298 299 300 301 302 303 304 305 306 307 308 384 385 386 387 388 389 390 400 402 403 404 405
20,6,0.0,14312.390000000003,0.0,1267 1311 1312 1338 1339 1340 1341 1342 1348 1349 1350 1351 1352 1353 1354 1355 1356 1357 1358 1359 1360 1361 1362 1363 1364 1367 1368 1369 1370 1371 1372 1373 1374 1375 1376 1377 1378 1379 1380 1381 1382 1383 1384 1385 1386 1387 1388 1389 1390 1391 1392 1393 1394 1395 1396 1397 1398 1399 1400 1401 1402 1403 1404 1405 1406 1407 1408 1409 1410 1411 1412 1413 1414 1415 1416 1417 1418
20,7,0.0,23641.176000000007,0.0,48 51 414 415 417 1272 1273 1274 1275 1276 1277 1278 1279 1280 1281 1282 1283 1284 1285 1286 1287 1288 1289 1290 1291 1292 1293 1294 1295 1296 1297 1298 1299 1300 1301 1302 1303 1304 1305 1306 1307 1308 1309 1310 1313 1314 1315 1316 1317 1318 1319 1320 1321 1322 1323 1324 1325 1326 1327 1328 1329 1330 1331 1332 1343 1344 1345 1346 1347
20,8,7052.647172309269,61055.18600000003,0.0,369 375 377 378 406 408 409 881 882 883 884 893 906 907 908 909 910 911 912 913 914 915 916 917 918 919 920 921 1008 1009 1010 1013 1014 1035 1036 1038 1039 1041 1042 1044 1045 1046 1047 1048 1049 1050 1051 1052 1053 1054 1055 1056 1057 1058 1059 1060 1061 1062 1063 1064 1065 1066 1067 1068 1069 1070 1071 1072 1073 1074 1075 1076 1077 1078 1079 1080 1081 1082 1083 1084 1085 1086 1087 1088 1091 1092 1093 1098 1106 1107 1108 1109 1110 1111 1112 1113 1114 1115 1116 1117 1118 1119 1120 1121 1122 1123 1124 1125 1126 1127 1128 1129 1130 1131 1132 1133 1134 1135 1136 1137 1138 1139 1140 1141 1142 1143 1144 1145 1146 1147 1148 1149 1150 1151 1152 1153 1154 1155 1156 1157 1158 1159 1160 1161 1162 1163 1164 1165 1166 1167 1168 1169 1170 1171 1172 1173 1174 1175
20,9,55537.616394791665,41907.956999999995,0.0,416 425 427 428 439 444 446 447 448 449 450 451 452 453 454 455 456 457 458 459 460 461 462 463 464 465 466 467 468 469 470 471 1034 1037 1040 1043 1176 1177 1178 1179 1180 1181 1182 1183 1184 1185 1186 1187 1188 1189 1190 1191 1192 1193 1194 1195 1196 1197 1198 1199 1200 1201 1202 1203 1204 1205 1206 1207 1208 1209 1210 1211 1212 1213 1214 1215 1216 1217 1218 1219 1220 1221 1222 1223 1224 1225 1226 1227 1228 1229 1230 1231 1232 1233 1234 1235 1236 1237 1238 1239 1240 1241 1242 1243 1244 1245 1246 1247 1248 1249 1250 1251 1252 1253 1254 1255 1256 1257 1258 1259 1260 1261 1262 1263 1264 1265 1266 1268 1269 1270 1271 1333 1334 1335 1336 1337 1365 1366
21,0,0.0,127774.5120000001,118420.53092530518,106 108 109 110 111 112 117 121 122 123 124 125 127 128 130 154 155 156 157 158 492 547 549 553 554 555 556 557 558 559 560 561 562 563 564 565 566 567 568 569 570 571 572 573 574 575 576 577 578 579 580 581 582 583 584 585 586 587 588 589 590 591 592 593 594 595 596 597 598 599 600 601 602 603 604 605 606 607 608 609 610 611 612 613 614 615 616 617 618 619 620 621 622 623 624 625 626 627 628 629 630 631 632 633 634 635 636 637 638 639 640 641 642 643 644 645 646 648 649 651 652 653 654 655 656 657 658 659 660 661 662 663 664 668 669 670 671 672 673 674 675 676 677 678 679 680 681 682 683 684 685 686 687 688 690 691 692 697 699 706 707 708 709 710 711 712 713 714 715 716 718 719 720 721 722 723 724 725 726 727 728 729 730 731 732 733 734 735 736 737 738 739 740 741 742 743 744 745 746 747 748 749 750 751 752 753 754 755 756 757 758 759 760 761 762 763 764 765 766 767 768 769 770 775 776 780 787 788 789 790 791 792 793 794 795 796 797 798 799 800 801 802 803 804 805 806 807 808 809 810 811 812 813 814 815 816 817 818 819 820 821 822 823 825 826 827 828 829 830 831 832 833 834 835 836 837 838 839 841 842 843 844 845 846 848 898 899 900 902 903 904 905 1023
21,1,55537.616394791665,35300.736,0.0,0 1 2 3 4 5 6 7 8 9 10 11 12 13 14 15 16 17 18 19 20 21 22 23 24 25 26 27 28 29 30 31 32 33 34 35 36 37 38 39 40 41 42 43 44 45 46 47 49 50 75 78 473 474 545 546 552
21,2,0.0,127258.76600000009,74943.44289769811,418 419 420 421 422 423 424 426 429 430 431 432 433 434 435 436 437 438 440 441 442 443 445 472 475 476 477 478 479 480 481 482 483 484 485 486 487 488 489 490 491 493 494 495 496 497 498 499 500 501 502 503 504 505 506 507 508 509 510 511 512 513 514 515 516 517 518 519 520 521 522 523 524 525 526 527 528 529 530 531 532 533 534 535 536 537 538 539 540 541 542 543 544 548 550 551 647 650 665 666 667 689 693 694 695 696 698 700 701 702 703 704 705 717 771 772 773 774 777 778 779 781 782 783 784 785 786 885 886 887 888 889 890 891 892 894 895 896 897 901 922 923 924 925 926 927 928 929 930 931 932 933 934 935 936 937 938 939 940 941 942 943 944 945 946 947 948 949 950 951 952 953 954 955 956 957 958 959 960 961 962 963 964 965 966 967 968 969 970 971 972 973 974 975 976 977 978 979 980 981 982 983 984 985 986 987 988 989 990 991 992 993 994 995 996 997 998 999 1000 1001 1002 1003 1004 1005 1006 1007 1011 1012 1015 1016 1017 1018 1019 1020 1021 1022 1024 1025 1026 1027 1028 1029 1030 1031 1032 1033
21,3,0.0,29896.31200000001,0.0,52 53 54 55 56 57 58 59 60 61 62 63 64 65 66 67 68 69 70 71 72 73 74 76 77 79 80 81 82 83 84 85 86 87 88 89 90 91 92 93 94 95 96 97 98 99 100 101 102 103 104 105 107 113 114 115 116 118 131 132 133 134 135 136 218 219 220 221 222 223 224 225
21,4,39233.97552724732,90484.32200000001,0.0,119 120 126 129 137 138 139 140 141 142 143 146 147 148 149 150 151 152 153 159 160 161 162 163 164 165 166 167 168 169 170 171 172 173 174 175 176 177 178 179 180 181 182 183 184 185 186 187 188 189 190 191 192 193 194 195 196 197 198 199 200 201 202 203 204 205 206 207 208 209 210 211 212 213 214 215 216 217 309 310 311 312 313 314 315 316 317 318 319 320 321 322 323 324 325 326 327 328 329 330 331 332 333 334 335 336 337 338 339 340 341 342 343 344 345 346 347 348 349 350 351 352 353 354 355 356 357 358 359 360 361 362 363 364 365 366 367 368 370 371 372 373 374 376 379 380 381 382 383 391 392 393 394 395 396 397 398 399 401 407 410 411 412 413 824 840 847 849 850 851 852 853 854 855 856 857 858 859 860 861 862 863 864 865 866 867 868 869 870 871 872 873 874 875 876 877 878 879 880 1089 1090 1094 1095 1096 1097 1099 1100 1101 1102 1103 1104 1105
21,5,0.0,29536.88100000001,0.0,144 145 226 227 228 229 230 231 232 233 234 235 236 237 238 239 240 241 242 243 244 245 246 247 248 249 250 251 252 253 254 255 256 257 258 259 260 261 262 263 264 265 266 267 268 269 270 271 272 273 274 275 276 277 278 279 280 281 282 283 284 285 286 287 288 289 290 291 292 293 294 295 296 297 298 299 300 301 302 303 304 305 306 307 308 384 385 386 387 388 389 390 400 402 403 404 405
21,6,0.0,14930.011999999999,0.0,1267 1311 1312 1338 1339 1340 1341 1342 1348 1349 1350 1351 1352 1353 1354 1355 1356 1357 1358 1359 1360 1361 1362 1363 1364 1367 1368 1369 1370 1371 1372 1373 1374 1375 1376 1377 1378 1379 1380 1381 1382 1383 1384 1385 1386 1387 1388 1389 1390 1391 1392 1393 1394 1395 1396 1397 1398 1399 1400 1401 1402 1403 1404 1405 1406 1407 1408 1409 1410 1411 1412 1413 1414 1415 1416 1417 1418
21,7,0.0,22675.778000000002,0.0,48 51 414 415 417 1272 1273 1274 1275 1276 1277 1278 1279 1280 1281 1282 1283 1284 1285 1286 1287 1288 1289 1290 1291 1292 1293 1294 1295 1296 1297 1298 1299 1300 1301 1302 1303 1304 1305 1306 1307 1308 1309 1310 1313 1314 1315 1316 1317 1318 1319 1320 1321 1322 1323 1324 1325 1326 1327 1328 1329 1330 1331 1332 1343 1344 1345 1346 1347
21,8,55537.616394791665,58518.607,0.0,369 375 377 378 406 408 409 881 882 883 884 893 906 907 908 909 910 911 912 913 914 915 916 917 918 919 920 921 1008 1009 1010 1013 1014 1035 1036 1038 1039 1041 1042 1044 1045 1046 1047 1048 1049 1050 1051 1052 1053 1054 1055 1056 1057 1058 1059 1060 1061 1062 1063 1064 1065 1066 1067 1068 1069 1070 1071 1072 1073 1074 1075 1076 1077 1078 1079 1080 1081 1082 1083 1084 1085 1086 1087 1088 1091 1092 1093 1098 1106 1107 1108 1109 1110 1111 1112 1113 1114 1115 1116 1117 1118 1119 1120 1121 1122 1123 1124 1125 1126 1127 1128 1129 1130 1131 1132 1133 1134 1135 1136 1137 1138 1139 1140 1141 1142 1143 1144 1145 1146 1147 1148 1149 1150 1151 1152 1153 1154 1155 1156 1157 1158 1159 1160 1161 1162 1163 1164 1165 1166 1167 1168 1169 1170 1171 1172 1173 1174 1175
21,9,55537.616394791665,43758.64100000002,0.0,416 425 427 428 439 444 446 447 448 449 450 451 452 453 454 455 456 457 458 459 460 461 462 463 464 465 466 467 468 469 470 471 1034 1037 1040 1043 1176 1177 1178 1179 1180 1181 1182 1183 1184 1185 1186 1187 1188 1189 1190 1191 1192 1193 1194 1195 1196 1197 1198 1199 1200 1201 1202 1203 1204 1205 1206 1207 1208 1209 1210 1211 1212 1213 1214 1215 1216 1217 1218 1219 1220 1221 1222 1223 1224 1225 1226 1227 1228 1229 1230 1231 1232 1233 1234 1235 1236 1237 1238 1239 1240 1241 1242 1243 1244 1245 1246 1247 1248 1249 1250 1251 1252 1253 1254 1255 1256 1257 1258 1259 1260 1261 1262 1263 1264 1265 1266 1268 1269 1270 1271 1333 1334 1335 1336 1337 1365 1366
22,0,0.0,128736.93900000001,119382.95792530509,106 108 109 110 111 112 117 121 122 123 124 125 127 128 130 154 155 156 157 158 492 547 549 553 554 555 556 557 558 559 560 561 562 563 564 565 566 567 568 569 570 571 572 573 574 575 576 577 578 579 580 581 582 583 584 585 586 587 588 589 590 591 592 593 594 595 596 597 598 599 600 601 602 603 604 605 606 607 608 609 610 611 612 613 614 615 616 617 618 619 620 621 622 623 624 625 626 627 628 629 630 631 632 633 634 635 636 637 638 639 640 641 642 643 644 645 646 648 649 651 652 653 654 655 656 657 658 659 660 661 662 663 664 668 669 670 671 672 673 674 675 676 677 678 679 680 681 682 683 684 685 686 687 688 690 691 692 697 699 706 707 708 709 710 711 712 713 714 715 716 718 719 720 721 722 723 724 725 726 727 728 729 730 731 732 733 734 735 736 737 738 739 740 741 742 743 744 745 746 747 748 749 750 751 752 753 754 755 756 757 758 759 760 761 762 763 764 765 766 767 768 769 770 775 776 780 787 788 789 790 791 792 793 794 795 796 797 798 799 800 801 802 803 804 805 806 807 808 809 810 811 812 813 814 815 816 817 818 819 820 821 822 823 825 826 827 828 829 830 831 832 833 834 835 836 837 838 839 841 842 843 844 845 846 848 898 899 900 902 903 904 905 1023
22,1,55537.616394791665,38053.07400000001,0.0,0 1 2 3 4 5 6 7 8 9 10 11 12 13 14 15 16 17 18 19 20 21 22 23 24 25 26 27 28 29 30 31 32 33 34 35 36 37 38 39 40 41 42 43 44 45 46 47 49 50 75 78 473 474 545 546 552
22,2,0.0,129989.53699999994,77674.21389769796,418 419 420 421 422 423 424 426 429 430 431 432 433 434 435 436 437 438 440 441 442 443 445 472 475 476 477 478 479 480 481 482 483 484 485 486 487 488 489 490 491 493 494 495 496 497 498 499 500 501 502 503 504 505 506 507 508 509 510 511 512 513 514 515 516 517 518 519 520 521 522 523 524 525 526 527 528 529 530 531 532 533 534 535 536 537 538 539 540 541 542 543 544 548 550 551 647 650 665 666 667 689 693 694 695 696 698 700 701 702 703 704 705 717 771 772 773 774 777 778 779 781 782 783 784 785 786 885 886 887 888 889 890 891 892 894 895 896 897 901 922 923 924 925 926 927 928 929 930 931 932 933 934 935 936 937 938 939 940 941 942 943 944 945 946 947 948 949 950 951 952 953 954 955 956 957 958 959 960 961 962 963 964 965 966 967 968 969 970 971 972 973 974 975 976 977 978 979 980 981 982 983 984 985 986 987 988 989 990 991 992 993 994 995 996 997 998 999 1000 1001 1002 1003 1004 1005 1006 1007 1011 1012 1015 1016 1017 1018 1019 1020 1021 1022 1024 1025 1026 1027 1028 1029 1030 1031 1032 1033
22,3,55537.616394791665,30080.781000000003,0.0,52 53 54 55 56 57 58 59 60 61 62 63 64 65 66 67 68 69 70 71 72 73 74 76 77 79 80 81 82 83 84 85 86 87 88 89 90 91 92 93 94 95 96 97 98 99 100 101 102 103 104 105 107 113 114 115 116 118 131 132 133 134 135 136 218 219 220 221 222 223 224 225
22,4,55537.616394791665,89991.50200000001,0.0,119 120 126 129 137 138 139 140 141 142 143 146 147 148 149 150 151 152 153 159 160 161 162 163 164 165 166 167 168 169 170 171 172 173 174 175 176 177 178 179 180 181 182 183 184 185 186 187 188 189 190 191 192 193 194 195 196 197 198 199 200 201 202 203 204 205 206 207 208 209 210 211 212 213 214 215 216 217 309 310 311 312 313 314 315 316 317 318 319 320 321 322 323 324 325 326 327 328 329 330 331 332 333 334 335 336 337 338 339 340 341 342 343 344 345 346 347 348 349 350 351 352 353 354 355 356 357 358 359 360 361 362 363 364 365 366 367 368 370 371 372 373 374 376 379 380 381 382 383 391 392 393 394 395 396 397 398 399 401 407 410 411 412 413 824 840 847 849 850 851 852 853 854 855 856 857 858 859 860 861 862 863 864 865 866 867 868 869 870 871 872 873 874 875 876 877 878 879 880 1089 1090 1094 1095 1096 1097 1099 1100 1101 1102 1103 1104 1105
22,5,55537.616394791665,31770.856000000003,0.0,144 145 226 227 228 229 230 231 232 233 234 235 236 237 238 239 240 241 242 243 244 245 246 247 248 249 250 251 252 253 254 255 256 257 258 259 260 261 262 263 264 265 266 267 268 269 270 271 272 273 274 275 276 277 278 279 280 281 282 283 284 285 286 287 288 289 290 291 292 293 294 295 296 297 298 299 300 301 302 303 304 305 306 307 308 384 385 386 387 388 389 390 400 402 403 404 405
22,6,55537.616394791665,14789.101999999999,0.0,1267 1311 1312 1338 1339 1340 1341 1342 1348 1349 1350 1351 1352 1353 1354 1355 1356 1357 1358 1359 1360 1361 1362 1363 1364 1367 1368 1369 1370 1371 1372 1373 1374 1375 1376 1377 1378 1379 1380 1381 1382 1383 1384 1385 1386 1387 1388 1389 1390 1391 1392 1393 1394 1395 1396 1397 1398 1399 1400 1401 1402 1403 1404 1405 1406 1407 1408 1409 1410 1411 1412 1413 1414 1415 1416 1417 1418
22,7,55537.616394791665,26252.68,0.0,48 51 414 415 417 1272 1273 1274 1275 1276 1277 1278 1279 1280 1281 1282 1283 1284 1285 1286 1287 1288 1289 1290 1291 1292 1293 1294 1295 1296 1297 1298 1299 1300 1301 1302 1303 1304 1305 1306 1307 1308 1309 1310 1313 1314 1315 1316 1317 1318 1319 1320 1321 1322 1323 1324 1325 1326 1327 1328 1329 1330 1331 1332 1343 1344 1345 1346 1347
22,8,55537.616394791665,61235.344000000034,0.0,369 375 377 378 406 408 409 881 882 883 884 893 906 907 908 909 910 911 912 913 914 915 916 917 918 919 920 921 1008 1009 1010 1013 1014 1035 1036 1038 1039 1041 1042 1044 1045 1046 1047 1048 1049 1050 1051 1052 1053 1054 1055 1056 1057 1058 1059 1060 1061 1062 1063 1064 1065 1066 1067 1068 1069 1070 1071 1072 1073 1074 1075 1076 1077 1078 1079 1080 1081 1082 1083 1084 1085 1086 1087 1088 1091 1092 1093 1098 1106 1107 1108 1109 1110 1111 1112 1113 1114 1115 1116 1117 1118 1119 1120 1121 1122 1123 1124 1125 1126 1127 1128 1129 1130 1131 1132 1133 1134 1135 1136 1137 1138 1139 1140 1141 1142 1143 1144 1145 1146 1147 1148 1149 1150 1151 1152 1153 1154 1155 1156 1157 1158 1159 1160 1161 1162 1163 1164 1165 1166 1167 1168 1169 1170 1171 1172 1173 1174 1175
22,9,55537.616394791665,45361.26300000001,0.0,416 425 427 428 439 444 446 447 448 449 450 451 452 453 454 455 456 457 458 459 460 461 462 463 464 465 466 467 468 469 470 471 1034 1037 1040 1043 1176 1177 1178 1179 1180 1181 1182 1183 1184 1185 1186 1187 1188 1189 1190 1191 1192 1193 1194 1195 1196 1197 1198 1199 1200 1201 1202 1203 1204 1205 1206 1207 1208 1209 1210 1211 1212 1213 1214 1215 1216 1217 1218 1219 1220 1221 1222 1223 1224 1225 1226 1227 1228 1229 1230 1231 1232 1233 1234 1235 1236 1237 1238 1239 1240 1241 1242 1243 1244 1245 1246 1247 1248 1249 1250 1251 1252 1253 1254 1255 1256 1257 1258 1259 1260 1261 1262 1263 1264 1265 1266 1268 1269 1270 1271 1333 1334 1335 1336 1337 1365 1366
23,0,0.0,125110.34599999999,115756.36492530507,106 108 109 110 111 112 117 121 122 123 124 125 126 127 128 129 130 154 155 477 547 549 550 551 554 555 556 557 558 559 560 561 562 563 564 565 566 567 568 569 570 571 572 573 574 575 576 577 578 579 580 581 582 583 584 585 586 587 588 589 590 591 592 593 594 595 596 597 598 599 600 601 602 603 604 605 606 607 608 609 610 611 612 613 614 615 616 617 618 619 620 621 622 623 624 625 626 627 628 629 630 631 632 633 634 635 636 637 638 639 640 641 642 643 644 645 646 647 648 649 650 651 652 653 654 655 656 657 658 659 660 661 662 663 664 667 668 669 671 673 674 675 676 677 678 679 680 681 682 683 684 685 686 687 688 689 690 691 692 706 707 708 709 710 711 712 713 714 715 716 717 718 719 720 721 722 723 724 725 726 727 728 729 730 731 732 733 734 735 736 737 738 739 740 741 742 743 744 745 746 747 748 749 750 751 752 753 754 755 756 757 758 759 760 761 762 763 764 765 766 767 768 769 770 775 776 777 780 787 788 789 790 791 792 793 794 795 796 797 798 799 800 801 802 803 804 805 806 807 808 809 810 811 812 813 814 815 816 817 818 819 820 821 822 826 827 828 829 830 831 832 833 834 835 836 837 838 841 842 843 844 899 902 903 1021 1031
23,1,55537.616394791665,38903.31300000001,0.0,0 1 2 3 4 5 6 7 8 9 10 11 12 13 14 15 16 17 18 19 20 21 22 23 24 25 26 27 28 29 30 31 32 33 34 35 36 37 38 39 40 41 42 43 44 45 46 47 49 50 75 78 419 473 474 545 546 548 552 553
23,2,0.0,125533.23800000004,73217.91489769807,418 420 421 422 423 424 426 429 430 431 432 433 434 435 436 437 438 440 441 442 472 475 476 478 479 480 481 482 483 484 485 486 487 488 489 490 491 492 493 494 495 496 497 498 499 500 501 502 503 504 505 506 507 508 509 510 511 512 513 514 515 516 517 518 519 520 521 522 523 524 525 526 527 528 529 530 531 532 533 534 535 536 537 538 539 540 541 542 543 544 665 666 670 672 693 694 695 696 697 698 699 700 701 702 703 704 705 771 772 773 774 778 779 781 782 783 784 785 786 885 886 887 888 889 890 891 892 895 898 901 922 923 924 925 926 927 928 929 930 931 932 933 934 935 936 937 938 939 940 941 942 943 944 945 946 947 948 949 950 951 952 953 954 955 956 957 958 959 960 961 962 963 964 965 966 967 968 969 970 971 972 973 974 975 976 977 978 979 980 981 982 983 984 985 986 987 988 989 990 991 992 993 994 995 996 997 998 999 1000 1001 1002 1003 1005 1006 1011 1012 1015 1016 1017 1018 1019 1020 1022 1023 1024 1025 1026 1027 1029 1030
23,3,0.0,30281.122000000003,0.0,52 53 54 55 56 57 58 59 60 61 62 63 64 65 66 67 68 69 70 71 72 73 74 76 77 79 80 81 82 83 84 85 86 87 88 89 90 91 92 93 94 95 96 97 98 99 100 101 102 103 104 105 107 113 114 115 116 118 131 132 133 134 135 136 218 219 220 221 222 223 224 225
23,4,44292.09190366041,96791.193,0.0,119 120 137 138 139 140 141 142 143 146 147 148 149 150 151 152 153 156 157 158 159 160 161 162 163 164 165 166 167 168 169 170 171 172 173 174 175 176 177 178 179 180 181 182 183 184 185 186 187 188 189 190 191 192 193 194 195 196 197 198 199 200 201 202 203 204 205 206 207 208 209 210 211 212 213 214 215 216 217 309 310 311 312 313 314 315 316 317 318 319 320 321 322 323 324 325 326 327 328 329 330 331 332 333 334 335 336 337 338 339 340 341 342 343 344 345 346 347 348 349 350 351 352 353 354 355 356 357 358 359 360 361 362 363 364 365 366 367 368 370 371 372 373 374 376 379 380 381 382 383 391 392 393 394 395 396 397 398 399 401 407 410 411 412 413 823 824 825 839 840 845 846 847 848 849 850 851 852 853 854 855 856 857 858 859 860 861 862 863 864 865 866 867 868 869 870 871 872 873 874 875 876 877 878 879 880 904 1089 1090 1094 1095 1096 1097 1099 1100 1101 1102 1103 1104 1105
23,5,0.0,33288.208,0.0,144 145 226 227 228 229 230 231 232 233 234 235 236 237 238 239 240 241 242 243 244 245 246 247 248 249 250 251 252 253 254 255 256 257 258 259 260 261 262 263 264 265 266 267 268 269 270 271 272 273 274 275 276 277 278 279 280 281 282 283 284 285 286 287 288 289 290 291 292 293 294 295 296 297 298 299 300 301 302 303 304 305 306 307 308 384 385 386 387 388 389 390 400 402 403 404 405
23,6,0.0,14647.482999999998,0.0,1267 1311 1312 1338 1339 1340 1341 1342 1348 1349 1350 1351 1352 1353 1354 1355 1356 1357 1358 1359 1360 1361 1362 1363 1364 1367 1368 1369 1370 1371 1372 1373 1374 1375 1376 1377 1378 1379 1380 1381 1382 1383 1384 1385 1386 1387 1388 1389 1390 1391 1392 1393 1394 1395 1396 1397 1398 1399 1400 1401 1402 1403 1404 1405 1406 1407 1408 1409 1410 1411 1412 1413 1414 1415 1416 1417 1418
23,7,0.0,25795.930000000008,0.0,48 51 414 415 417 1272 1273 1274 1275 1276 1277 1278 1279 1280 1281 1282 1283 1284 1285 1286 1287 1288 1289 1290 1291 1292 1293 1294 1295 1296 1297 1298 1299 1300 1301 1302 1303 1304 1305 1306 1307 1308 1309 1310 1313 1314 1315 1316 1317 1318 1319 1320 1321 1322 1323 1324 1325 1326 1327 1328 1329 1330 1331 1332 1343 1344 1345 1346 1347
23,8,40286.253083510615,65185.39800000001,0.0,369 375 377 378 406 408 409 881 882 883 884 893 894 896 897 900 905 906 907 908 909 910 911 912 913 914 915 916 917 918 919 920 921 1004 1007 1008 1009 1010 1013 1014 1028 1032 1035 1036 1038 1039 1041 1042 1044 1045 1046 1047 1048 1049 1050 1051 1052 1053 1054 1055 1056 1057 1058 1059 1060 1061 1062 1063 1064 1065 1066 1067 1068 1069 1070 1071 1072 1073 1074 1075 1076 1077 1078 1079 1080 1081 1082 1083 1084 1085 1086 1087 1088 1091 1092 1093 1098 1106 1107 1108 1109 1110 1111 1112 1113 1114 1115 1116 1117 1118 1119 1120 1121 1122 1123 1124 1125 1126 1127 1128 1129 1130 1131 1132 1133 1134 1135 1136 1137 1138 1139 1140 1141 1142 1143 1144 1145 1146 1147 1148 1149 1150 1151 1152 1153 1154 1155 1156 1157 1158 1159 1160 1161 1162 1163 1164 1165 1166 1167 1168 1169 1170 1171 1172 1173 1174 1175
23,9,55537.616394791665,52586.51799999998,0.0,416 425 427 428 439 443 444 445 446 447 448 449 450 451 452 453 454 455 456 457 458 459 460 461 462 463 464 465 466 467 468 469 470 471 1033 1034 1037 1040 1043 1176 1177 1178 1179 1180 1181 1182 1183 1184 1185 1186 1187 1188 1189 1190 1191 1192 1193 1194 1195 1196 1197 1198 1199 1200 1201 1202 1203 1204 1205 1206 1207 1208 1209 1210 1211 1212 1213 1214 1215 1216 1217 1218 1219 1220 1221 1222 1223 1224 1225 1226 1227 1228 1229 1230 1231 1232 1233 1234 1235 1236 1237 1238 1239 1240 1241 1242 1243 1244 1245 1246 1247 1248 1249 1250 1251 1252 1253 1254 1255 1256 1257 1258 1259 1260 1261 1262 1263 1264 1265 1266 1268 1269 1270 1271 1333 1334 1335 1336 1337 1365 1366
24,0,0.0,129461.16299999988,119528.29185118231,106 108 109 110 111 112 117 121 122 123 124 125 126 127 128 129 130 154 155 477 547 549 550 551 554 555 556 557 558 559 560 561 562 563 564 565 566 567 568 569 570 571 572 573 574 575 576 577 578 579 580 581 582 583 584 585 586 587 588 589 590 591 592 593 594 595 596 597 598 599 600 601 602 603 604 605 606 607 608 609 610 611 612 613 614 615 616 617 618 619 620 621 622 623 624 625 626 627 628 629 630 631 632 633 634 635 636 637 638 639 640 641 642 643 644 645 646 647 648 649 650 651 652 653 654 655 656 657 658 659 660 661 662 663 664 667 668 669 671 673 674 675 676 677 678 679 680 681 682 683 684 685 686 687 688 689 690 691 692 706 707 708 709 710 711 712 713 714 715 716 717 718 719 720 721 722 723 724 725 726 727 728 729 730 731 732 733 734 735 736 737 738 739 740 741 742 743 744 745 746 747 748 749 750 751 752 753 754 755 756 757 758 759 760 761 762 763 764 765 766 767 768 769 770 775 776 777 780 787 788 789 790 791 792 793 794 795 796 797 798 799 800 801 802 803 804 805 806 807 808 809 810 811 812 813 814 815 816 817 818 819 820 821 822 826 827 828 829 830 831 832 833 834 835 836 837 838 841 842 843 844 899 902 903 1021 1031
24,1,55537.616394791665,36721.004,0.0,0 1 2 3 4 5 6 7 8 9 10 11 12 13 14 15 16 17 18 19 20 21 22 23 24 25 26 27 28 29 30 31 32 33 34 35 36 37 38 39 40 41 42 43 44 45 46 47 49 50 75 78 419 473 474 545 546 548 552 553
24,2,0.0,126467.93399999994,70806.68909414891,418 420 421 422 423 424 426 429 430 431 432 433 434 435 436 437 438 440 441 442 472 475 476 478 479 480 481 482 483 484 485 486 487 488 489 490 491 492 493 494 495 496 497 498 499 500 501 502 503 504 505 506 507 508 509 510 511 512 513 514 515 516 517 518 519 520 521 522 523 524 525 526 527 528 529 530 531 532 533 534 535 536 537 538 539 540 541 542 543 544 665 666 670 672 693 694 695 696 697 698 699 700 701 702 703 704 705 771 772 773 774 778 779 781 782 783 784 785 786 885 886 887 888 889 890 891 892 895 898 901 922 923 924 925 926 927 928 929 930 931 932 933 934 935 936 937 938 939 940 941 942 943 944 945 946 947 948 949 950 951 952 953 954 955 956 957 958 959 960 961 962 963 964 965 966 967 968 969 970 971 972 973 974 975 976 977 978 979 980 981 982 983 984 985 986 987 988 989 990 991 992 993 994 995 996 997 998 999 1000 1001 1002 1003 1005 1006 1011 1012 1015 1016 1017 1018 1019 1020 1022 1023 1024 1025 1026 1027 1029 1030
24,3,0.0,29629.399000000005,0.0,52 53 54 55 56 57 58 59 60 61 62 63 64 65 66 67 68 69 70 71 72 73 74 76 77 79 80 81 82 83 84 85 86 87 88 89 90 91 92 93 94 95 96 97 98 99 100 101 102 103 104 105 107 113 114 115 116 118 131 132 133 134 135 136 218 219 220 221 222 223 224 225
24,4,41914.76890366045,98614.28199999998,0.0,119 120 137 138 139 140 141 142 143 146 147 148 149 150 151 152 153 156 157 158 159 160 161 162 163 164 165 166 167 168 169 170 171 172 173 174 175 176 177 178 179 180 181 182 183 184 185 186 187 188 189 190 191 192 193 194 195 196 197 198 199 200 201 202 203 204 205 206 207 208 209 210 211 212 213 214 215 216 217 309 310 311 312 313 314 315 316 317 318 319 320 321 322 323 324 325 326 327 328 329 330 331 332 333 334 335 336 337 338 339 340 341 342 343 344 345 346 347 348 349 350 351 352 353 354 355 356 357 358 359 360 361 362 363 364 365 366 367 368 370 371 372 373 374 376 379 380 381 382 383 391 392 393 394 395 396 397 398 399 401 407 410 411 412 413 823 824 825 839 840 845 846 847 848 849 850 851 852 853 854 855 856 857 858 859 860 861 862 863 864 865 866 867 868 869 870 871 872 873 874 875 876 877 878 879 880 904 1089 1090 1094 1095 1096 1097 1099 1100 1101 1102 1103 1104 1105
24,5,0.0,33149.69099999999,0.0,144 145 226 227 228 229 230 231 232 233 234 235 236 237 238 239 240 241 242 243 244 245 246 247 248 249 250 251 252 253 254 255 256 257 258 259 260 261 262 263 264 265 266 267 268 269 270 271 272 273 274 275 276 277 278 279 280 281 282 283 284 285 286 287 288 289 290 291 292 293 294 295 296 297 298 299 300 301 302 303 304 305 306 307 308 384 385 386 387 388 389 390 400 402 403 404 405
24,6,0.0,16929.478999999996,0.0,1267 1311 1312 1338 1339 1340 1341 1342 1348 1349 1350 1351 1352 1353 1354 1355 1356 1357 1358 1359 1360 1361 1362 1363 1364 1367 1368 1369 1370 1371 1372 1373 1374 1375 1376 1377 1378 1379 1380 1381 1382 1383 1384 1385 1386 1387 1388 1389 1390 1391 1392 1393 1394 1395 1396 1397 1398 1399 1400 1401 1402 1403 1404 1405 1406 1407 1408 1409 1410 1411 1412 1413 1414 1415 1416 1417 1418
24,7,0.0,26540.423,0.0,48 51 414 415 417 1272 1273 1274 1275 1276 1277 1278 1279 1280 1281 1282 1283 1284 1285 1286 1287 1288 1289 1290 1291 1292 1293 1294 1295 1296 1297 1298 1299 1300 1301 1302 1303 1304 1305 1306 1307 1308 1309 1310 1313 1314 1315 1316 1317 1318 1319 1320 1321 1322 1323 1324 1325 1326 1327 1328 1329 1330 1331 1332 1343 1344 1345 1346 1347
24,8,30595.129238867972,65157.48300000002,0.0,369 375 377 378 406 408 409 881 882 883 884 893 894 896 897 900 905 906 907 908 909 910 911 912 913 914 915 916 917 918 919 920 921 1004 1007 1008 1009 1010 1013 1014 1028 1032 1035 1036 1038 1039 1041 1042 1044 1045 1046 1047 1048 1049 1050 1051 1052 1053 1054 1055 1056 1057 1058 1059 1060 1061 1062 1063 1064 1065 1066 1067 1068 1069 1070 1071 1072 1073 1074 1075 1076 1077 1078 1079 1080 1081 1082 1083 1084 1085 1086 1087 1088 1091 1092 1093 1098 1106 1107 1108 1109 1110 1111 1112 1113 1114 1115 1116 1117 1118 1119 1120 1121 1122 1123 1124 1125 1126 1127 1128 1129 1130 1131 1132 1133 1134 1135 1136 1137 1138 1139 1140 1141 1142 1143 1144 1145 1146 1147 1148 1149 1150 1151 1152 1153 1154 1155 1156 1157 1158 1159 1160 1161 1162 1163 1164 1165 1166 1167 1168 1169 1170 1171 1172 1173 1174 1175
24,9,55537.616394791665,51457.94099999999,0.0,416 425 427 428 439 443 444 445 446 447 448 449 450 451 452 453 454 455 456 457 458 459 460 461 462 463 464 465 466 467 468 469 470 471 1033 1034 1037 1040 1043 1176 1177 1178 1179 1180 1181 1182 1183 1184 1185 1186 1187 1188 1189 1190 1191 1192 1193 1194 1195 1196 1197 1198 1199 1200 1201 1202 1203 1204 1205 1206 1207 1208 1209 1210 1211 1212 1213 1214 1215 1216 1217 1218 1219 1220 1221 1222 1223 1224 1225 1226 1227 1228 1229 1230 1231 1232 1233 1234 1235 1236 1237 1238 1239 1240 1241 1242 1243 1244 1245 1246 1247 1248 1249 1250 1251 1252 1253 1254 1255 1256 1257 1258 1259 1260 1261 1262 1263 1264 1265 1266 1268 1269 1270 1271 1333 1334 1335 1336 1337 1365 1366
25,0,0.0,129759.04600000005,119826.17485118247,106 108 109 110 111 112 117 121 122 123 124 125 126 127 128 129 130 154 155 477 547 549 550 551 554 555 556 557 558 559 560 561 562 563 564 565 566 567 568 569 570 571 572 573 574 575 576 577 578 579 580 581 582 583 584 585 586 587 588 589 590 591 592 593 594 595 596 597 598 599 600 601 602 603 604 605 606 607 608 609 610 611 612 613 614 615 616 617 618 619 620 621 622 623 624 625 626 627 628 629 630 631 632 633 634 635 636 637 638 639 640 641 642 643 644 645 646 647 648 649 650 651 652 653 654 655 656 657 658 659 660 661 662 663 664 667 668 669 671 673 674 675 676 677 678 679 680 681 682 683 684 685 686 687 688 689 690 691 692 706 707 708 709 710 711 712 713 714 715 716 717 718 719 720 721 722 723 724 725 726 727 728 729 730 731 732 733 734 735 736 737 738 739 740 741 742 743 744 745 746 747 748 749 750 751 752 753 754 755 756 757 758 759 760 761 762 763 764 765 766 767 768 769 770 775 776 777 780 787 788 789 790 791 792 793 794 795 796 797 798 799 800 801 802 803 804 805 806 807 808 809 810 811 812 813 814 815 816 817 818 819 820 821 822 826 827 828 829 830 831 832 833 834 835 836 837 838 841 842 843 844 899 902 903 1021 1031
25,1,55537.616394791665,40385.039000000004,0.0,0 1 2 3 4 5 6 7 8 9 10 11 12 13 14 15 16 17 18 19 20 21 22 23 24 25 26 27 28 29 30 31 32 33 34 35 36 37 38 39 40 41 42 43 44 45 46 47 49 50 75 78 419 473 474 545 546 548 552 553
25,2,0.0,129974.87199999993,74313.6270941489,418 420 421 422 423 424 426 429 430 431 432 433 434 435 436 437 438 440 441 442 472 475 476 478 479 480 481 482 483 484 485 486 487 488 489 490 491 492 493 494 495 496 497 498 499 500 501 502 503 504 505 506 507 508 509 510 511 512 513 514 515 516 517 518 519 520 521 522 523 524 525 526 527 528 529 530 531 532 533 534 535 536 537 538 539 540 541 542 543 544 665 666 670 672 693 694 695 696 697 698 699 700 701 702 703 704 705 771 772 773 774 778 779 781 782 783 784 785 786 885 886 887 888 889 890 891 892 895 898 901 922 923 924 925 926 927 928 929 930 931 932 933 934 935 936 937 938 939 940 941 942 943 944 945 946 947 948 949 950 951 952 953 954 955 956 957 958 959 960 961 962 963 964 965 966 967 968 969 970 971 972 973 974 975 976 977 978 979 980 981 982 983 984 985 986 987 988 989 990 991 992 993 994 995 996 997 998 999 1000 1001 1002 1003 1005 1006 1011 1012 1015 1016 1017 1018 1019 1020 1022 1023 1024 1025 1026 1027 1029 1030
25,3,0.0,29011.738999999994,0.0,52 53 54 55 56 57 58 59 60 61 62 63 64 65 66 67 68 69 70 71 72 73 74 76 77 79 80 81 82 83 84 85 86 87 88 89 90 91 92 93 94 95 96 97 98 99 100 101 102 103 104 105 107 113 114 115 116 118 131 132 133 134 135 136 218 219 220 221 222 223 224 225
25,4,41874.64490366038,96398.81800000003,0.0,119 120 137 138 139 140 141 142 143 146 147 148 149 150 151 152 153 156 157 158 159 160 161 162 163 164 165 166 167 168 169 170 171 172 173 174 175 176 177 178 179 180 181 182 183 184 185 186 187 188 189 190 191 192 193 194 195 196 197 198 199 200 201 202 203 204 205 206 207 208 209 210 211 212 213 214 215 216 217 309 310 311 312 313 314 315 316 317 318 319 320 321 322 323 324 325 326 327 328 329 330 331 332 333 334 335 336 337 338 339 340 341 342 343 344 345 346 347 348 349 350 351 352 353 354 355 356 357 358 359 360 361 362 363 364 365 366 367 368 370 371 372 373 374 376 379 380 381 382 383 391 392 393 394 395 396 397 398 399 401 407 410 411 412 413 823 824 825 839 840 845 846 847 848 849 850 851 852 853 854 855 856 857 858 859 860 861 862 863 864 865 866 867 868 869 870 871 872 873 874 875 876 877 878 879 880 904 1089 1090 1094 1095 1096 1097 1099 1100 1101 1102 1103 1104 1105
25,5,0.0,32596.005999999998,0.0,144 145 226 227 228 229 230 231 232 233 234 235 236 237 238 239 240 241 242 243 244 245 246 247 248 249 250 251 252 253 254 255 256 257 258 259 260 261 262 263 264 265 266 267 268 269 270 271 272 273 274 275 276 277 278 279 280 281 282 283 284 285 286 287 288 289 290 291 292 293 294 295 296 297 298 299 300 301 302 303 304 305 306 307 308 384 385 386 387 388 389 390 400 402 403 404 405
25,6,0.0,18247.356999999993,0.0,1267 1311 1312 1338 1339 1340 1341 1342 1348 1349 1350 1351 1352 1353 1354 1355 1356 1357 1358 1359 1360 1361 1362 1363 1364 1367 1368 1369 1370 1371 1372 1373 1374 1375 1376 1377 1378 1379 1380 1381 1382 1383 1384 1385 1386 1387 1388 1389 1390 1391 1392 1393 1394 1395 1396 1397 1398 1399 1400 1401 1402 1403 1404 1405 1406 1407 1408 1409 1410 1411 1412 1413 1414 1415 1416 1417 1418
25,7,0.0,27647.305,0.0,48 51 414 415 417 1272 1273 1274 1275 1276 1277 1278 1279 1280 1281 1282 1283 1284 1285 1286 1287 1288 1289 1290 1291 1292 1293 1294 1295 1296 1297 1298 1299 1300 1301 1302 1303 1304 1305 1306 1307 1308 1309 1310 1313 1314 1315 1316 1317 1318 1319 1320 1321 1322 1323 1324 1325 1326 1327 1328 1329 1330 1331 1332 1343 1344 1345 1346 1347
25,8,20904.00539422533,67065.39399999999,0.0,369 375 377 378 406 408 409 881 882 883 884 893 894 896 897 900 905 906 907 908 909 910 911 912 913 914 915 916 917 918 919 920 921 1004 1007 1008 1009 1010 1013 1014 1028 1032 1035 1036 1038 1039 1041 1042 1044 1045 1046 1047 1048 1049 1050 1051 1052 1053 1054 1055 1056 1057 1058 1059 1060 1061 1062 1063 1064 1065 1066 1067 1068 1069 1070 1071 1072 1073 1074 1075 1076 1077 1078 1079 1080 1081 1082 1083 1084 1085 1086 1087 1088 1091 1092 1093 1098 1106 1107 1108 1109 1110 1111 1112 1113 1114 1115 1116 1117 1118 1119 1120 1121 1122 1123 1124 1125 1126 1127 1128 1129 1130 1131 1132 1133 1134 1135 1136 1137 1138 1139 1140 1141 1142 1143 1144 1145 1146 1147 1148 1149 1150 1151 1152 1153 1154 1155 1156 1157 1158 1159 1160 1161 1162 1163 1164 1165 1166 1167 1168 1169 1170 1171 1172 1173 1174 1175
25,9,55537.616394791665,48913.79899999999,0.0,416 425 427 428 439 443 444 445 446 447 448 449 450 451 452 453 454 455 456 457 458 459 460 461 462 463 464 465 466 467 468 469 470 471 1033 1034 1037 1040 1043 1176 1177 1178 1179 1180 1181 1182 1183 1184 1185 1186 1187 1188 1189 1190 1191 1192 1193 1194 1195 1196 1197 1198 1199 1200 1201 1202 1203 1204 1205 1206 1207 1208 1209 1210 1211 1212 1213 1214 1215 1216 1217 1218 1219 1220 1221 1222 1223 1224 1225 1226 1227 1228 1229 1230 1231 1232 1233 1234 1235 1236 1237 1238 1239 1240 1241 1242 1243 1244 1245 1246 1247 1248 1249 1250 1251 1252 1253 1254 1255 1256 1257 1258 1259 1260 1261 1262 1263 1264 1265 1266 1268 1269 1270 1271 1333 1334 1335 1336 1337 1365 1366
26,0,0.0,129661.76599999999,119728.89485118241,106 108 109 110 111 112 117 121 122 123 124 125 126 127 128 129 130 154 155 477 547 549 550 551 554 555 556 557 558 559 560 561 562 563 564 565 566 567 568 569 570 571 572 573 574 575 576 577 578 579 580 581 582 583 584 585 586 587 588 589 590 591 592 593 594 595 596 597 598 599 600 601 602 603 604 605 606 607 608 609 610 611 612 613 614 615 616 617 618 619 620 621 622 623 624 625 626 627 628 629 630 631 632 633 634 635 636 637 638 639 640 641 642 643 644 645 646 647 648 649 650 651 652 653 654 655 656 657 658 659 660 661 662 663 664 667 668 669 671 673 674 675 676 677 678 679 680 681 682 683 684 685 686 687 688 689 690 691 692 706 707 708 709 710 711 712 713 714 715 716 717 718 719 720 721 722 723 724 725 726 727 728 729 730 731 732 733 734 735 736 737 738 739 740 741 742 743 744 745 746 747 748 749 750 751 752 753 754 755 756 757 758 759 760 761 762 763 764 765 766 767 768 769 770 775 776 777 780 787 788 789 790 791 792 793 794 795 796 797 798 799 800 801 802 803 804 805 806 807 808 809 810 811 812 813 814 815 816 817 818 819 820 821 822 826 827 828 829 830 831 832 833 834 835 836 837 838 841 842 843 844 899 902 903 1021 1031
26,1,55537.616394791665,39749.84800000001,0.0,0 1 2 3 4 5 6 7 8 9 10 11 12 13 14 15 16 17 18 19 20 21 22 23 24 25 26 27 28 29 30 31 32 33 34 35 36 37 38 39 40 41 42 43 44 45 46 47 49 50 75 78 419 473 474 545 546 548 552 553
26,2,7.275957614183426e-12,128198.893,72537.64809414899,418 420 421 422 423 424 426 429 430 431 432 433 434 435 436 437 438 440 441 442 472 475 476 478 479 480 481 482 483 484 485 486 487 488 489 490 491 492 493 494 495 496 497 498 499 500 501 502 503 504 505 506 507 508 509 510 511 512 513 514 515 516 517 518 519 520 521 522 523 524 525 526 527 528 529 530 531 532 533 534 535 536 537 538 539 540 541 542 543 544 665 666 670 672 693 694 695 696 697 698 699 700 701 702 703 704 705 771 772 773 774 778 779 781 782 783 784 785 786 885 886 887 888 889 890 891 892 895 898 901 922 923 924 925 926 927 928 929 930 931 932 933 934 935 936 937 938 939 940 941 942 943 944 945 946 947 948 949 950 951 952 953 954 955 956 957 958 959 960 961 962 963 964 965 966 967 968 969 970 971 972 973 974 975 976 977 978 979 980 981 982 983 984 985 986 987 988 989 990 991 992 993 994 995 996 997 998 999 1000 1001 1002 1003 1005 1006 1011 1012 1015 1016 1017 1018 1019 1020 1022 1023 1024 1025 1026 1027 1029 1030
26,3,55537.616394791665,28584.47,0.0,52 53 54 55 56 57 58 59 60 61 62 63 64 65 66 67 68 69 70 71 72 73 74 76 77 79 80 81 82 83 84 85 86 87 88 89 90 91 92 93 94 95 96 97 98 99 100 101 102 103 104 105 107 113 114 115 116 118 131 132 133 134 135 136 218 219 220 221 222 223 224 225
26,4,55537.616394791665,96137.11499999996,0.0,119 120 137 138 139 140 141 142 143 146 147 148 149 150 151 152 153 156 157 158 159 160 161 162 163 164 165 166 167 168 169 170 171 172 173 174 175 176 177 178 179 180 181 182 183 184 185 186 187 188 189 190 191 192 193 194 195 196 197 198 199 200 201 202 203 204 205 206 207 208 209 210 211 212 213 214 215 216 217 309 310 311 312 313 314 315 316 317 318 319 320 321 322 323 324 325 326 327 328 329 330 331 332 333 334 335 336 337 338 339 340 341 342 343 344 345 346 347 348 349 350 351 352 353 354 355 356 357 358 359 360 361 362 363 364 365 366 367 368 370 371 372 373 374 376 379 380 381 382 383 391 392 393 394 395 396 397 398 399 401 407 410 411 412 413 823 824 825 839 840 845 846 847 848 849 850 851 852 853 854 855 856 857 858 859 860 861 862 863 864 865 866 867 868 869 870 871 872 873 874 875 876 877 878 879 880 904 1089 1090 1094 1095 1096 1097 1099 1100 1101 1102 1103 1104 1105
26,5,55537.616394791665,31616.779000000006,0.0,144 145 226 227 228 229 230 231 232 233 234 235 236 237 238 239 240 241 242 243 244 245 246 247 248 249 250 251 252 253 254 255 256 257 258 259 260 261 262 263 264 265 266 267 268 269 270 271 272 273 274 275 276 277 278 279 280 281 282 283 284 285 286 287 288 289 290 291 292 293 294 295 296 297 298 299 300 301 302 303 304 305 306 307 308 384 385 386 387 388 389 390 400 402 403 404 405
26,6,55537.616394791665,16321.033999999996,0.0,1267 1311 1312 1338 1339 1340 1341 1342 1348 1349 1350 1351 1352 1353 1354 1355 1356 1357 1358 1359 1360 1361 1362 1363 1364 1367 1368 1369 1370 1371 1372 1373 1374 1375 1376 1377 1378 1379 1380 1381 1382 1383 1384 1385 1386 1387 1388 1389 1390 1391 1392 1393 1394 1395 1396 1397 1398 1399 1400 1401 1402 1403 1404 1405 1406 1407 1408 1409 1410 1411 1412 1413 1414 1415 1416 1417 1418
26,7,55537.616394791665,27988.537000000004,0.0,48 51 414 415 417 1272 1273 1274 1275 1276 1277 1278 1279 1280 1281 1282 1283 1284 1285 1286 1287 1288 1289 1290 1291 1292 1293 1294 1295 1296 1297 1298 1299 1300 1301 1302 1303 1304 1305 1306 1307 1308 1309 1310 1313 1314 1315 1316 1317 1318 1319 1320 1321 1322 1323 1324 1325 1326 1327 1328 1329 1330 1331 1332 1343 1344 1345 1346 1347
26,8,55537.616394791665,67017.739,0.0,369 375 377 378 406 408 409 881 882 883 884 893 894 896 897 900 905 906 907 908 909 910 911 912 913 914 915 916 917 918 919 920 921 1004 1007 1008 1009 1010 1013 1014 1028 1032 1035 1036 1038 1039 1041 1042 1044 1045 1046 1047 1048 1049 1050 1051 1052 1053 1054 1055 1056 1057 1058 1059 1060 1061 1062 1063 1064 1065 1066 1067 1068 1069 1070 1071 1072 1073 1074 1075 1076 1077 1078 1079 1080 1081 1082 1083 1084 1085 1086 1087 1088 1091 1092 1093 1098 1106 1107 1108 1109 1110 1111 1112 1113 1114 1115 1116 1117 1118 1119 1120 1121 1122 1123 1124 1125 1126 1127 1128 1129 1130 1131 1132 1133 1134 1135 1136 1137 1138 1139 1140 1141 1142 1143 1144 1145 1146 1147 1148 1149 1150 1151 1152 1153 1154 1155 1156 1157 1158 1159 1160 1161 1162 1163 1164 1165 1166 1167 1168 1169 1170 1171 1172 1173 1174 1175
26,9,55537.616394791665,49588.36,0.0,416 425 427 428 439 443 444 445 446 447 448 449 450 451 452 453 454 455 456 457 458 459 460 461 462 463 464 465 466 467 468 469 470 471 1033 1034 1037 1040 1043 1176 1177 1178 1179 1180 1181 1182 1183 1184 1185 1186 1187 1188 1189 1190 1191 1192 1193 1194 1195 1196 1197 1198 1199 1200 1201 1202 1203 1204 1205 1206 1207 1208 1209 1210 1211 1212 1213 1214 1215 1216 1217 1218 1219 1220 1221 1222 1223 1224 1225 1226 1227 1228 1229 1230 1231 1232 1233 1234 1235 1236 1237 1238 1239 1240 1241 1242 1243 1244 1245 1246 1247 1248 1249 1250 1251 1252 1253 1254 1255 1256 1257 1258 1259 1260 1261 1262 1263 1264 1265 1266 1268 1269 1270 1271 1333 1334 1335 1336 1337 1365 1366
27,0,0.0,129872.30900000007,119939.43785118249,109 110 111 112 121 122 123 124 125 126 127 128 130 154 157 547 550 551 554 555 556 557 558 559 560 561 562 563 564 565 566 567 568 569 570 571 572 573 574 575 576 577 578 579 580 581 582 583 584 585 586 587 588 589 590 591 592 593 594 595 596 597 598 599 600 601 602 603 604 605 606 607 608 609 610 611 612 613 614 615 616 617 618 619 620 621 622 623 624 625 626 627 628 629 630 631 632 633 634 635 636 637 638 639 640 641 642 643 644 645 646 648 649 651 652 653 654 655 656 657 658 659 660 661 663 664 668 669 670 671 673 674 675 676 677 678 679 680 681 682 683 684 685 686 687 688 689 690 691 692 706 707 708 709 710 711 712 713 714 715 716 717 718 719 720 721 722 723 724 725 726 727 728 729 730 731 732 733 734 735 736 737 738 739 740 741 742 743 744 745 746 747 748 749 750 751 752 753 754 755 756 757 758 759 760 761 762 763 764 765 766 767 768 769 770 776 777 780 787 788 789 790 791 792 793 794 795 796 797 798 799 800 801 802 803 804 805 806 807 808 809 810 811 812 813 814 815 816 817 818 819 820 821 822 823 826 827 828 829 830 831 832 833 834 835 836 837 838 840 841 842 843 844 899 902 1030
27,1,55537.616394791665,39310.258,0.0,0 1 2 3 4 5 6 7 8 9 10 11 12 13 14 15 16 17 18 19 20 21 22 23 24 25 26 27 28 29 30 31 32 33 34 35 36 37 38 39 40 41 42 43 44 45 46 47 49 50 75 78 473 474 545 546 548 549 552 553
27,2,0.0,129972.37400000004,74311.12909414902,418 419 420 421 422 423 424 426 429 430 431 432 433 434 435 436 437 438 440 441 442 472 475 476 477 478 479 480 481 482 483 484 485 486 487 488 489 490 491 492 493 494 495 496 497 498 499 500 501 502 503 504 505 506 507 508 509 510 511 512 513 514 515 516 517 518 519 520 521 522 523 524 525 526 527 528 529 530 531 532 533 534 535 536 537 538 539 540 541 542 543 544 647 650 662 665 666 667 672 693 694 695 696 697 698 699 700 701 702 703 704 705 771 772 773 774 775 778 779 781 782 783 784 785 786 885 886 887 888 889 890 892 894 895 897 898 922 923 924 925 926 927 928 929 930 931 932 933 934 935 936 937 938 939 940 941 942 943 944 945 946 947 948 949 950 951 952 953 954 955 956 957 958 959 960 961 962 963 964 965 966 967 968 969 970 971 972 973 974 975 976 977 978 979 980 981 982 983 984 985 986 987 988 989 990 991 992 993 994 995 996 997 998 999 1000 1001 1002 1003 1005 1006 1011 1012 1015 1016 1017 1018 1019 1020 1021 1022 1023 1024 1025 1026 1027 1031
27,3,0.0,29418.171,0.0,52 53 54 55 56 57 58 59 60 61 62 63 64 65 66 67 68 69 70 71 72 73 74 76 77 79 80 81 82 83 84 85 86 87 88 89 90 91 92 93 94 95 96 97 98 99 100 101 102 103 104 105 106 107 108 113 114 115 116 118 131 132 133 134 135 136 218 219 220 221 222 223 224 225
27,4,43937.43877981513,101078.17199999996,0.0,117 119 120 129 137 138 139 140 141 142 143 146 147 148 149 150 151 152 153 155 156 158 159 160 161 162 163 164 165 166 167 168 169 170 171 172 173 174 175 176 177 178 179 180 181 182 183 184 185 186 187 188 189 190 191 192 193 194 195 196 197 198 199 200 201 202 203 204 205 206 207 208 209 210 211 212 213 214 215 216 217 309 310 311 312 313 314 315 316 317 318 319 320 321 322 323 324 325 326 327 328 329 330 331 332 333 334 335 336 337 338 339 340 341 342 343 344 345 346 347 348 349 350 351 352 353 354 355 356 357 358 359 360 361 362 363 364 365 366 367 368 370 371 372 373 374 376 379 380 381 382 383 391 392 393 394 395 396 397 398 399 401 407 410 411 412 413 824 825 839 845 846 847 848 849 850 851 852 853 854 855 856 857 858 859 860 861 862 863 864 865 866 867 868 869 870 871 872 873 874 875 876 877 878 879 880 903 904 1089 1090 1094 1095 1096 1097 1099 1100 1101 1102 1103 1104 1105
27,5,0.0,32965.576,0.0,144 145 226 227 228 229 230 231 232 233 234 235 236 237 238 239 240 241 242 243 244 245 246 247 248 249 250 251 252 253 254 255 256 257 258 259 260 261 262 263 264 265 266 267 268 269 270 271 272 273 274 275 276 277 278 279 280 281 282 283 284 285 286 287 288 289 290 291 292 293 294 295 296 297 298 299 300 301 302 303 304 305 306 307 308 384 385 386 387 388 389 390 400 402 403 404 405
27,6,0.0,15458.246,0.0,1267 1311 1312 1338 1339 1340 1341 1342 1348 1349 1350 1351 1352 1353 1354 1355 1356 1357 1358 1359 1360 1361 1362 1363 1364 1367 1368 1369 1370 1371 1372 1373 1374 1375 1376 1377 1378 1379 1380 1381 1382 1383 1384 1385 1386 1387 1388 1389 1390 1391 1392 1393 1394 1395 1396 1397 1398 1399 1400 1401 1402 1403 1404 1405 1406 1407 1408 1409 1410 1411 1412 1413 1414 1415 1416 1417 1418
27,7,0.0,29483.345,0.0,48 51 414 415 417 1272 1273 1274 1275 1276 1277 1278 1279 1280 1281 1282 1283 1284 1285 1286 1287 1288 1289 1290 1291 1292 1293 1294 1295 1296 1297 1298 1299 1300 1301 1302 1303 1304 1305 1306 1307 1308 1309 1310 1313 1314 1315 1316 1317 1318 1319 1320 1321 1322 1323 1324 1325 1326 1327 1328 1329 1330 1331 1332 1343 1344 1345 1346 1347
27,8,45846.492550149036,70122.186,0.0,369 375 377 378 406 408 409 881 882 883 884 891 893 896 900 901 905 906 907 908 909 910 911 912 913 914 915 916 917 918 919 920 921 1004 1007 1008 1009 1010 1013 1014 1028 1029 1032 1035 1036 1038 1039 1041 1042 1044 1045 1046 1047 1048 1049 1050 1051 1052 1053 1054 1055 1056 1057 1058 1059 1060 1061 1062 1063 1064 1065 1066 1067 1068 1069 1070 1071 1072 1073 1074 1075 1076 1077 1078 1079 1080 1081 1082 1083 1084 1085 1086 1087 1088 1091 1092 1093 1098 1106 1107 1108 1109 1110 1111 1112 1113 1114 1115 1116 1117 1118 1119 1120 1121 1122 1123 1124 1125 1126 1127 1128 1129 1130 1131 1132 1133 1134 1135 1136 1137 1138 1139 1140 1141 1142 1143 1144 1145 1146 1147 1148 1149 1150 1151 1152 1153 1154 1155 1156 1157 1158 1159 1160 1161 1162 1163 1164 1165 1166 1167 1168 1169 1170 1171 1172 1173 1174 1175
27,9,55537.616394791665,46526.086,0.0,416 425 427 428 439 443 444 445 446 447 448 449 450 451 452 453 454 455 456 457 458 459 460 461 462 463 464 465 466 467 468 469 470 471 1033 1034 1037 1040 1043 1176 1177 1178 1179 1180 1181 1182 1183 1184 1185 1186 1187 1188 1189 1190 1191 1192 1193 1194 1195 1196 1197 1198 1199 1200 1201 1202 1203 1204 1205 1206 1207 1208 1209 1210 1211 1212 1213 1214 1215 1216 1217 1218 1219 1220 1221 1222 1223 1224 1225 1226 1227 1228 1229 1230 1231 1232 1233 1234 1235 1236 1237 1238 1239 1240 1241 1242 1243 1244 1245 1246 1247 1248 1249 1250 1251 1252 1253 1254 1255 1256 1257 1258 1259 1260 1261 1262 1263 1264 1265 1266 1268 1269 1270 1271 1333 1334 1335 1336 1337 1365 1366
28,0,0.0,128310.76700000005,118662.88208854344,109 110 111 112 121 122 123 124 125 126 127 128 130 154 157 547 550 551 554 555 556 557 558 559 560 561 562 563 564 565 566 567 568 569 570 571 572 573 574 575 576 577 578 579 580 581 582 583 584 585 586 587 588 589 590 591 592 593 594 595 596 597 598 599 600 601 602 603 604 605 606 607 608 609 610 611 612 613 614 615 616 617 618 619 620 621 622 623 624 625 626 627 628 629 630 631 632 633 634 635 636 637 638 639 640 641 642 643 644 645 646 648 649 651 652 653 654 655 656 657 658 659 660 661 663 664 668 669 670 671 673 674 675 676 677 678 679 680 681 682 683 684 685 686 687 688 689 690 691 692 706 707 708 709 710 711 712 713 714 715 716 717 718 719 720 721 722 723 724 725 726 727 728 729 730 731 732 733 734 735 736 737 738 739 740 741 742 743 744 745 746 747 748 749 750 751 752 753 754 755 756 757 758 759 760 761 762 763 764 765 766 767 768 769 770 776 777 780 787 788 789 790 791 792 793 794 795 796 797 798 799 800 801 802 803 804 805 806 807 808 809 810 811 812 813 814 815 816 817 818 819 820 821 822 823 826 827 828 829 830 831 832 833 834 835 836 837 838 840 841 842 843 844 899 902 1030
28,1,55537.616394791665,40557.811,0.0,0 1 2 3 4 5 6 7 8 9 10 11 12 13 14 15 16 17 18 19 20 21 22 23 24 25 26 27 28 29 30 31 32 33 34 35 36 37 38 39 40 41 42 43 44 45 46 47 49 50 75 78 473 474 545 546 548 549 552 553
28,2,0.0,125932.44700000009,71520.4164136606,418 419 420 421 422 423 424 426 429 430 431 432 433 434 435 436 437 438 440 441 442 472 475 476 477 478 479 480 481 482 483 484 485 486 487 488 489 490 491 492 493 494 495 496 497 498 499 500 501 502 503 504 505 506 507 508 509 510 511 512 513 514 515 516 517 518 519 520 521 522 523 524 525 526 527 528 529 530 531 532 533 534 535 536 537 538 539 540 541 542 543 544 647 650 662 665 666 667 672 693 694 695 696 697 698 699 700 701 702 703 704 705 771 772 773 774 775 778 779 781 782 783 784 785 786 885 886 887 888 889 890 892 894 895 897 898 922 923 924 925 926 927 928 929 930 931 932 933 934 935 936 937 938 939 940 941 942 943 944 945 946 947 948 949 950 951 952 953 954 955 956 957 958 959 960 961 962 963 964 965 966 967 968 969 970 971 972 973 974 975 976 977 978 979 980 981 982 983 984 985 986 987 988 989 990 991 992 993 994 995 996 997 998 999 1000 1001 1002 1003 1005 1006 1011 1012 1015 1016 1017 1018 1019 1020 1021 1022 1023 1024 1025 1026 1027 1031
28,3,0.0,30459.292000000005,0.0,52 53 54 55 56 57 58 59 60 61 62 63 64 65 66 67 68 69 70 71 72 73 74 76 77 79 80 81 82 83 84 85 86 87 88 89 90 91 92 93 94 95 96 97 98 99 100 101 102 103 104 105 106 107 108 113 114 115 116 118 131 132 133 134 135 136 218 219 220 221 222 223 224 225
28,4,47501.84577981524,98049.43899999998,0.0,117 119 120 129 137 138 139 140 141 142 143 146 147 148 149 150 151 152 153 155 156 158 159 160 161 162 163 164 165 166 167 168 169 170 171 172 173 174 175 176 177 178 179 180 181 182 183 184 185 186 187 188 189 190 191 192 193 194 195 196 197 198 199 200 201 202 203 204 205 206 207 208 209 210 211 212 213 214 215 216 217 309 310 311 312 313 314 315 316 317 318 319 320 321 322 323 324 325 326 327 328 329 330 331 332 333 334 335 336 337 338 339 340 341 342 343 344 345 346 347 348 349 350 351 352 353 354 355 356 357 358 359 360 361 362 363 364 365 366 367 368 370 371 372 373 374 376 379 380 381 382 383 391 392 393 394 395 396 397 398 399 401 407 410 411 412 413 824 825 839 845 846 847 848 849 850 851 852 853 854 855 856 857 858 859 860 861 862 863 864 865 866 867 868 869 870 871 872 873 874 875 876 877 878 879 880 903 904 1089 1090 1094 1095 1096 1097 1099 1100 1101 1102 1103 1104 1105
28,5,0.0,31060.278,0.0,144 145 226 227 228 229 230 231 232 233 234 235 236 237 238 239 240 241 242 243 244 245 246 247 248 249 250 251 252 253 254 255 256 257 258 259 260 261 262 263 264 265 266 267 268 269 270 271 272 273 274 275 276 277 278 279 280 281 282 283 284 285 286 287 288 289 290 291 292 293 294 295 296 297 298 299 300 301 302 303 304 305 306 307 308 384 385 386 387 388 389 390 400 402 403 404 405
28,6,0.0,15027.774,0.0,1267 1311 1312 1338 1339 1340 1341 1342 1348 1349 1350 1351 1352 1353 1354 1355 1356 1357 1358 1359 1360 1361 1362 1363 1364 1367 1368 1369 1370 1371 1372 1373 1374 1375 1376 1377 1378 1379 1380 1381 1382 1383 1384 1385 1386 1387 1388 1389 1390 1391 1392 1393 1394 1395 1396 1397 1398 1399 1400 1401 1402 1403 1404 1405 1406 1407 1408 1409 1410 1411 1412 1413 1414 1415 1416 1417 1418
28,7,0.0,29967.996000000003,0.0,48 51 414 415 417 1272 1273 1274 1275 1276 1277 1278 1279 1280 1281 1282 1283 1284 1285 1286 1287 1288 1289 1290 1291 1292 1293 1294 1295 1296 1297 1298 1299 1300 1301 1302 1303 1304 1305 1306 1307 1308 1309 1310 1313 1314 1315 1316 1317 1318 1319 1320 1321 1322 1323 1324 1325 1326 1327 1328 1329 1330 1331 1332 1343 1344 1345 1346 1347
28,8,33812.56568995895,67424.93400000001,0.0,369 375 377 378 406 408 409 881 882 883 884 891 893 896 900 901 905 906 907 908 909 910 911 912 913 914 915 916 917 918 919 920 921 1004 1007 1008 1009 1010 1013 1014 1028 1029 1032 1035 1036 1038 1039 1041 1042 1044 1045 1046 1047 1048 1049 1050 1051 1052 1053 1054 1055 1056 1057 1058 1059 1060 1061 1062 1063 1064 1065 1066 1067 1068 1069 1070 1071 1072 1073 1074 1075 1076 1077 1078 1079 1080 1081 1082 1083 1084 1085 1086 1087 1088 1091 1092 1093 1098 1106 1107 1108 1109 1110 1111 1112 1113 1114 1115 1116 1117 1118 1119 1120 1121 1122 1123 1124 1125 1126 1127 1128 1129 1130 1131 1132 1133 1134 1135 1136 1137 1138 1139 1140 1141 1142 1143 1144 1145 1146 1147 1148 1149 1150 1151 1152 1153 1154 1155 1156 1157 1158 1159 1160 1161 1162 1163 1164 1165 1166 1167 1168 1169 1170 1171 1172 1173 1174 1175
28,9,55537.616394791665,45536.86400000001,0.0,416 425 427 428 439 443 444 445 446 447 448 449 450 451 452 453 454 455 456 457 458 459 460 461 462 463 464 465 466 467 468 469 470 471 1033 1034 1037 1040 1043 1176 1177 1178 1179 1180 1181 1182 1183 1184 1185 1186 1187 1188 1189 1190 1191 1192 1193 1194 1195 1196 1197 1198 1199 1200 1201 1202 1203 1204 1205 1206 1207 1208 1209 1210 1211 1212 1213 1214 1215 1216 1217 1218 1219 1220 1221 1222 1223 1224 1225 1226 1227 1228 1229 1230 1231 1232 1233 1234 1235 1236 1237 1238 1239 1240 1241 1242 1243 1244 1245 1246 1247 1248 1249 1250 1251 1252 1253 1254 1255 1256 1257 1258 1259 1260 1261 1262 1263 1264 1265 1266 1268 1269 1270 1271 1333 1334 1335 1336 1337 1365 1366
29,0,3.637978807091713e-12,129925.19399999996,120277.30908854335,109 110 111 112 121 122 123 124 125 126 127 128 130 154 157 547 550 551 554 555 556 557 558 559 560 561 562 563 564 565 566 567 568 569 570 571 572 573 574 575 576 577 578 579 580 581 582 583 584 585 586 587 588 589 590 591 592 593 594 595 596 597 598 599 600 601 602 603 604 605 606 607 608 609 610 611 612 613 614 615 616 617 618 619 620 621 622 623 624 625 626 627 628 629 630 631 632 633 634 635 636 637 638 639 640 641 642 643 644 645 646 648 649 651 652 653 654 655 656 657 658 659 660 661 663 664 668 669 670 671 673 674 675 676 677 678 679 680 681 682 683 684 685 686 687 688 689 690 691 692 706 707 708 709 710 711 712 713 714 715 716 717 718 719 720 721 722 723 724 725 726 727 728 729 730 731 732 733 734 735 736 737 738 739 740 741 742 743 744 745 746 747 748 749 750 751 752 753 754 755 756 757 758 759 760 761 762 763 764 765 766 767 768 769 770 776 777 780 787 788 789 790 791 792 793 794 795 796 797 798 799 800 801 802 803 804 805 806 807 808 809 810 811 812 813 814 815 816 817 818 819 820 821 822 823 826 827 828 829 830 831 832 833 834 835 836 837 838 840 841 842 843 844 899 902 1030
29,1,55537.616394791665,40662.767,0.0,0 1 2 3 4 5 6 7 8 9 10 11 12 13 14 15 16 17 18 19 20 21 22 23 24 25 26 27 28 29 30 31 32 33 34 35 36 37 38 39 40 41 42 43 44 45 46 47 49 50 75 78 473 474 545 546 548 549 552 553
29,2,0.0,129708.2640000001,75296.23341366061,418 419 420 421 422 423 424 426 429 430 431 432 433 434 435 436 437 438 440 441 442 472 475 476 477 478 479 480 481 482 483 484 485 486 487 488 489 490 491 492 493 494 495 496 497 498 499 500 501 502 503 504 505 506 507 508 509 510 511 512 513 514 515 516 517 518 519 520 521 522 523 524 525 526 527 528 529 530 531 532 533 534 535 536 537 538 539 540 541 542 543 544 647 650 662 665 666 667 672 693 694 695 696 697 698 699 700 701 702 703 704 705 771 772 773 774 775 778 779 781 782 783 784 785 786 885 886 887 888 889 890 892 894 895 897 898 922 923 924 925 926 927 928 929 930 931 932 933 934 935 936 937 938 939 940 941 942 943 944 945 946 947 948 949 950 951 952 953 954 955 956 957 958 959 960 961 962 963 964 965 966 967 968 969 970 971 972 973 974 975 976 977 978 979 980 981 982 983 984 985 986 987 988 989 990 991 992 993 994 995 996 997 998 999 1000 1001 1002 1003 1005 1006 1011 1012 1015 1016 1017 1018 1019 1020 1021 1022 1023 1024 1025 1026 1027 1031
29,3,55537.616394791665,32169.81300000001,0.0,52 53 54 55 56 57 58 59 60 61 62 63 64 65 66 67 68 69 70 71 72 73 74 76 77 79 80 81 82 83 84 85 86 87 88 89 90 91 92 93 94 95 96 97 98 99 100 101 102 103 104 105 106 107 108 113 114 115 116 118 131 132 133 134 135 136 218 219 220 221 222 223 224 225
29,4,55537.616394791665,101660.43900000003,0.0,117 119 120 129 137 138 139 140 141 142 143 146 147 148 149 150 151 152 153 155 156 158 159 160 161 162 163 164 165 166 167 168 169 170 171 172 173 174 175 176 177 178 179 180 181 182 183 184 185 186 187 188 189 190 191 192 193 194 195 196 197 198 199 200 201 202 203 204 205 206 207 208 209 210 211 212 213 214 215 216 217 309 310 311 312 313 314 315 316 317 318 319 320 321 322 323 324 325 326 327 328 329 330 331 332 333 334 335 336 337 338 339 340 341 342 343 344 345 346 347 348 349 350 351 352 353 354 355 356 357 358 359 360 361 362 363 364 365 366 367 368 370 371 372 373 374 376 379 380 381 382 383 391 392 393 394 395 396 397 398 399 401 407 410 411 412 413 824 825 839 845 846 847 848 849 850 851 852 853 854 855 856 857 858 859 860 861 862 863 864 865 866 867 868 869 870 871 872 873 874 875 876 877 878 879 880 903 904 1089 1090 1094 1095 1096 1097 1099 1100 1101 1102 1103 1104 1105
29,5,55537.616394791665,32267.116000000005,0.0,144 145 226 227 228 229 230 231 232 233 234 235 236 237 238 239 240 241 242 243 244 245 246 247 248 249 250 251 252 253 254 255 256 257 258 259 260 261 262 263 264 265 266 267 268 269 270 271 272 273 274 275 276 277 278 279 280 281 282 283 284 285 286 287 288 289 290 291 292 293 294 295 296 297 298 299 300 301 302 303 304 305 306 307 308 384 385 386 387 388 389 390 400 402 403 404 405
29,6,55537.616394791665,16034.362000000001,0.0,1267 1311 1312 1338 1339 1340 1341 1342 1348 1349 1350 1351 1352 1353 1354 1355 1356 1357 1358 1359 1360 1361 1362 1363 1364 1367 1368 1369 1370 1371 1372 1373 1374 1375 1376 1377 1378 1379 1380 1381 1382 1383 1384 1385 1386 1387 1388 1389 1390 1391 1392 1393 1394 1395 1396 1397 1398 1399 1400 1401 1402 1403 1404 1405 1406 1407 1408 1409 1410 1411 1412 1413 1414 1415 1416 1417 1418
29,7,55537.616394791665,28930.871999999996,0.0,48 51 414 415 417 1272 1273 1274 1275 1276 1277 1278 1279 1280 1281 1282 1283 1284 1285 1286 1287 1288 1289 1290 1291 1292 1293 1294 1295 1296 1297 1298 1299 1300 1301 1302 1303 1304 1305 1306 1307 1308 1309 1310 1313 1314 1315 1316 1317 1318 1319 1320 1321 1322 1323 1324 1325 1326 1327 1328 1329 1330 1331 1332 1343 1344 1345 1346 1347
29,8,55537.616394791665,70338.59200000002,0.0,369 375 377 378 406 408 409 881 882 883 884 891 893 896 900 901 905 906 907 908 909 910 911 912 913 914 915 916 917 918 919 920 921 1004 1007 1008 1009 1010 1013 1014 1028 1029 1032 1035 1036 1038 1039 1041 1042 1044 1045 1046 1047 1048 1049 1050 1051 1052 1053 1054 1055 1056 1057 1058 1059 1060 1061 1062 1063 1064 1065 1066 1067 1068 1069 1070 1071 1072 1073 1074 1075 1076 1077 1078 1079 1080 1081 1082 1083 1084 1085 1086 1087 1088 1091 1092 1093 1098 1106 1107 1108 1109 1110 1111 1112 1113 1114 1115 1116 1117 1118 1119 1120 1121 1122 1123 1124 1125 1126 1127 1128 1129 1130 1131 1132 1133 1134 1135 1136 1137 1138 1139 1140 1141 1142 1143 1144 1145 1146 1147 1148 1149 1150 1151 1152 1153 1154 1155 1156 1157 1158 1159 1160 1161 1162 1163 1164 1165 1166 1167 1168 1169 1170 1171 1172 1173 1174 1175
29,9,55537.616394791665,47613.614,0.0,416 425 427 428 439 443 444 445 446 447 448 449 450 451 452 453 454 455 456 457 458 459 460 461 462 463 464 465 466 467 468 469 470 471 1033 1034 1037 1040 1043 1176 1177 1178 1179 1180 1181 1182 1183 1184 1185 1186 1187 1188 1189 1190 1191 1192 1193 1194 1195 1196 1197 1198 1199 1200 1201 1202 1203 1204 1205 1206 1207 1208 1209 1210 1211 1212 1213 1214 1215 1216 1217 1218 1219 1220 1221 1222 1223 1224 1225 1226 1227 1228 1229 1230 1231 1232 1233 1234 1235 1236 1237 1238 1239 1240 1241 1242 1243 1244 1245 1246 1247 1248 1249 1250 1251 1252 1253 1254 1255 1256 1257 1258 1259 1260 1261 1262 1263 1264 1265 1266 1268 1269 1270 1271 1333 1334 1335 1336 1337 1365 1366
30,0,0.0,125126.58599999995,115478.70108854334,109 111 112 121 122 123 124 125 126 127 128 129 130 476 499 547 548 550 551 554 556 557 558 559 560 561 562 563 564 565 566 567 568 569 570 571 572 573 574 575 576 577 578 579 580 581 582 583 584 585 586 587 588 589 590 591 592 593 594 595 596 597 598 599 600 601 602 603 604 605 606 607 608 609 610 611 612 613 614 615 616 617 618 619 620 621 622 623 624 625 626 627 628 629 630 631 632 633 634 635 636 637 638 639 640 641 642 643 644 645 646 647 648 649 650 651 652 653 654 655 656 657 658 659 660 661 662 663 664 667 668 669 673 674 675 676 677 678 679 680 681 682 683 684 685 686 687 688 690 691 706 707 708 709 710 711 712 713 714 715 716 717 718 719 720 721 722 723 724 725 726 727 728 729 730 731 732 733 734 735 736 737 738 739 740 741 742 743 744 745 746 747 748 749 750 751 752 753 754 755 756 757 758 759 760 761 763 764 767 768 770 775 776 777 787 788 789 790 791 792 793 794 795 796 797 798 799 800 801 802 803 804 805 806 807 808 809 810 811 812 813 814 815 816 818 819 820 826 827 828 829 830 831 832 833 834 836 841 842 846 898
30,1,55537.616394791665,45613.52999999999,0.0,0 1 2 3 4 5 6 7 8 9 10 11 12 13 14 15 16 17 18 19 20 21 22 23 24 25 26 27 28 29 30 31 32 33 34 35 36 37 38 39 40 41 42 43 44 45 46 47 49 50 75 78 418 419 473 474 545 546 549 552 553 555
30,2,0.0,123545.41299999996,69133.38241366047,420 421 422 423 424 426 429 430 431 432 433 434 436 440 441 472 475 477 478 479 480 481 482 483 484 485 486 487 488 489 490 492 493 494 495 496 497 498 500 501 502 503 504 505 506 507 508 509 510 511 512 513 514 515 516 517 518 519 520 521 522 523 524 525 526 527 528 529 530 531 532 533 534 535 536 537 538 539 540 541 542 543 544 665 666 670 671 672 689 692 693 694 695 696 697 698 699 700 701 702 703 704 705 771 772 773 774 778 779 780 781 782 783 784 785 786 885 886 887 888 889 922 923 924 925 926 927 928 929 930 931 932 933 934 935 936 937 938 939 940 941 942 943 944 945 946 947 948 949 950 951 952 953 954 955 956 957 958 959 960 961 962 963 964 965 966 967 968 969 970 971 972 973 974 975 976 977 978 979 980 981 982 983 984 985 986 987 988 989 990 991 992 993 994 995 996 997 998 999 1000 1001 1002 1015 1016 1017 1018 1019 1020 1021 1022 1023 1024 1025 1026 1031
30,3,0.0,34463.40700000001,0.0,52 53 54 55 56 57 58 59 60 61 62 63 64 65 66 67 68 69 70 71 72 73 74 76 77 79 80 81 82 83 84 85 86 87 88 89 90 91 92 93 94 95 96 97 98 99 100 101 102 103 104 105 106 107 108 110 113 114 115 116 117 118 131 132 133 134 135 136 218 219 220 221 222 223 224 225 491
30,4,53898.721009768546,114452.33199999997,0.0,119 120 137 138 139 140 141 142 143 146 147 148 149 150 151 152 153 154 155 156 157 158 159 160 161 162 163 164 165 166 167 168 169 170 171 172 173 174 175 176 177 178 179 180 181 182 183 184 185 186 187 188 189 190 191 192 193 194 195 196 197 198 199 200 201 202 203 204 205 206 207 208 209 210 211 212 213 214 215 216 217 309 310 311 312 313 314 315 316 317 318 319 320 321 322 323 324 325 326 327 328 329 330 331 332 333 334 335 336 337 338 339 340 341 342 343 344 345 346 347 348 349 350 351 352 353 354 355 356 357 358 359 360 361 362 363 364 365 366 367 368 370 371 372 373 374 376 379 380 381 382 383 391 392 393 394 395 396 397 398 399 401 407 410 411 412 413 762 765 766 769 817 821 822 823 824 825 835 837 838 839 840 843 844 845 847 848 849 850 851 852 853 854 855 856 857 858 859 860 861 862 863 864 865 866 867 868 869 870 871 872 873 874 875 876 877 878 879 880 902 903 904 1089 1090 1094 1095 1096 1097 1099 1100 1101 1102 1103 1104 1105
30,5,0.0,34289.451,0.0,144 145 226 227 228 229 230 231 232 233 234 235 236 237 238 239 240 241 242 243 244 245 246 247 248 249 250 251 252 253 254 255 256 257 258 259 260 261 262 263 264 265 266 267 268 269 270 271 272 273 274 275 276 277 278 279 280 281 282 283 284 285 286 287 288 289 290 291 292 293 294 295 296 297 298 299 300 301 302 303 304 305 306 307 308 384 385 386 387 388 389 390 400 402 403 404 405
30,6,0.0,15525.095,0.0,1267 1311 1312 1338 1339 1340 1341 1342 1348 1349 1350 1351 1352 1353 1354 1355 1356 1357 1358 1359 1360 1361 1362 1363 1364 1367 1368 1369 1370 1371 1372 1373 1374 1375 1376 1377 1378 1379 1380 1381 1382 1383 1384 1385 1386 1387 1388 1389 1390 1391 1392 1393 1394 1395 1396 1397 1398 1399 1400 1401 1402 1403 1404 1405 1406 1407 1408 1409 1410 1411 1412 1413 1414 1415 1416 1417 1418
30,7,0.0,29113.45900000001,0.0,48 51 414 415 417 1272 1273 1274 1275 1276 1277 1278 1279 1280 1281 1282 1283 1284 1285 1286 1287 1288 1289 1290 1291 1292 1293 1294 1295 1296 1297 1298 1299 1300 1301 1302 1303 1304 1305 1306 1307 1308 1309 1310 1313 1314 1315 1316 1317 1318 1319 1320 1321 1322 1323 1324 1325 1326 1327 1328 1329 1330 1331 1332 1343 1344 1345 1346 1347
30,8,43503.68953460158,78908.99999999999,0.0,369 375 377 378 406 408 409 881 882 883 884 890 891 892 893 894 895 896 897 899 900 901 905 906 907 908 909 910 911 912 913 914 915 916 917 918 919 920 921 1003 1004 1005 1006 1007 1008 1009 1010 1011 1012 1013 1014 1027 1028 1029 1032 1035 1036 1038 1039 1041 1042 1044 1045 1046 1047 1048 1049 1050 1051 1052 1053 1054 1055 1056 1057 1058 1059 1060 1061 1062 1063 1064 1065 1066 1067 1068 1069 1070 1071 1072 1073 1074 1075 1076 1077 1078 1079 1080 1081 1082 1083 1084 1085 1086 1087 1088 1091 1092 1093 1098 1106 1107 1108 1109 1110 1111 1112 1113 1114 1115 1116 1117 1118 1119 1120 1121 1122 1123 1124 1125 1126 1127 1128 1129 1130 1131 1132 1133 1134 1135 1136 1137 1138 1139 1140 1141 1142 1143 1144 1145 1146 1147 1148 1149 1150 1151 1152 1153 1154 1155 1156 1157 1158 1159 1160 1161 1162 1163 1164 1165 1166 1167 1168 1169 1170 1171 1172 1173 1174 1175
30,9,55537.616394791665,54374.34000000001,0.0,416 425 427 428 435 437 438 439 442 443 444 445 446 447 448 449 450 451 452 453 454 455 456 457 458 459 460 461 462 463 464 465 466 467 468 469 470 471 1030 1033 1034 1037 1040 1043 1176 1177 1178 1179 1180 1181 1182 1183 1184 1185 1186 1187 1188 1189 1190 1191 1192 1193 1194 1195 1196 1197 1198 1199 1200 1201 1202 1203 1204 1205 1206 1207 1208 1209 1210 1211 1212 1213 1214 1215 1216 1217 1218 1219 1220 1221 1222 1223 1224 1225 1226 1227 1228 1229 1230 1231 1232 1233 1234 1235 1236 1237 1238 1239 1240 1241 1242 1243 1244 1245 1246 1247 1248 1249 1250 1251 1252 1253 1254 1255 1256 1257 1258 1259 1260 1261 1262 1263 1264 1265 1266 1268 1269 1270 1271 1333 1334 1335 1336 1337 1365 1366
31,0,0.0,128717.27800000003,119069.39308854342,109 111 112 121 122 123 124 125 126 127 128 129 130 476 499 547 548 550 551 554 556 557 558 559 560 561 562 563 564 565 566 567 568 569 570 571 572 573 574 575 576 577 578 579 580 581 582 583 584 585 586 587 588 589 590 591 592 593 594 595 596 597 598 599 600 601 602 603 604 605 606 607 608 609 610 611 612 613 614 615 616 617 618 619 620 621 622 623 624 625 626 627 628 629 630 631 632 633 634 635 636 637 638 639 640 641 642 643 644 645 646 647 648 649 650 651 652 653 654 655 656 657 658 659 660 661 662 663 664 667 668 669 673 674 675 676 677 678 679 680 681 682 683 684 685 686 687 688 690 691 706 707 708 709 710 711 712 713 714 715 716 717 718 719 720 721 722 723 724 725 726 727 728 729 730 731 732 733 734 735 736 737 738 739 740 741 742 743 744 745 746 747 748 749 750 751 752 753 754 755 756 757 758 759 760 761 763 764 767 768 770 775 776 777 787 788 789 790 791 792 793 794 795 796 797 798 799 800 801 802 803 804 805 806 807 808 809 810 811 812 813 814 815 816 818 819 820 826 827 828 829 830 831 832 833 834 836 841 842 846 898
31,1,55537.616394791665,42657.005,0.0,0 1 2 3 4 5 6 7 8 9 10 11 12 13 14 15 16 17 18 19 20 21 22 23 24 25 26 27 28 29 30 31 32 33 34 35 36 37 38 39 40 41 42 43 44 45 46 47 49 50 75 78 418 419 473 474 545 546 549 552 553 555
31,2,0.0,129971.95600000002,75559.92541366053,420 421 422 423 424 426 429 430 431 432 433 434 436 440 441 472 475 477 478 479 480 481 482 483 484 485 486 487 488 489 490 492 493 494 495 496 497 498 500 501 502 503 504 505 506 507 508 509 510 511 512 513 514 515 516 517 518 519 520 521 522 523 524 525 526 527 528 529 530 531 532 533 534 535 536 537 538 539 540 541 542 543 544 665 666 670 671 672 689 692 693 694 695 696 697 698 699 700 701 702 703 704 705 771 772 773 774 778 779 780 781 782 783 784 785 786 885 886 887 888 889 922 923 924 925 926 927 928 929 930 931 932 933 934 935 936 937 938 939 940 941 942 943 944 945 946 947 948 949 950 951 952 953 954 955 956 957 958 959 960 961 962 963 964 965 966 967 968 969 970 971 972 973 974 975 976 977 978 979 980 981 982 983 984 985 986 987 988 989 990 991 992 993 994 995 996 997 998 999 1000 1001 1002 1015 1016 1017 1018 1019 1020 1021 1022 1023 1024 1025 1026 1031
31,3,55537.616394791665,34493.44900000001,0.0,52 53 54 55 56 57 58 59 60 61 62 63 64 65 66 67 68 69 70 71 72 73 74 76 77 79 80 81 82 83 84 85 86 87 88 89 90 91 92 93 94 95 96 97 98 99 100 101 102 103 104 105 106 107 108 110 113 114 115 116 117 118 131 132 133 134 135 136 218 219 220 221 222 223 224 225 491
31,4,47389.93562474545,119322.22199999997,0.0,119 120 137 138 139 140 141 142 143 146 147 148 149 150 151 152 153 154 155 156 157 158 159 160 161 162 163 164 165 166 167 168 169 170 171 172 173 174 175 176 177 178 179 180 181 182 183 184 185 186 187 188 189 190 191 192 193 194 195 196 197 198 199 200 201 202 203 204 205 206 207 208 209 210 211 212 213 214 215 216 217 309 310 311 312 313 314 315 316 317 318 319 320 321 322 323 324 325 326 327 328 329 330 331 332 333 334 335 336 337 338 339 340 341 342 343 344 345 346 347 348 349 350 351 352 353 354 355 356 357 358 359 360 361 362 363 364 365 366 367 368 370 371 372 373 374 376 379 380 381 382 383 391 392 393 394 395 396 397 398 399 401 407 410 411 412 413 762 765 766 769 817 821 822 823 824 825 835 837 838 839 840 843 844 845 847 848 849 850 851 852 853 854 855 856 857 858 859 860 861 862 863 864 865 866 867 868 869 870 871 872 873 874 875 876 877 878 879 880 902 903 904 1089 1090 1094 1095 1096 1097 1099 1100 1101 1102 1103 1104 1105
31,5,0.0,36382.315,0.0,144 145 226 227 228 229 230 231 232 233 234 235 236 237 238 239 240 241 242 243 244 245 246 247 248 249 250 251 252 253 254 255 256 257 258 259 260 261 262 263 264 265 266 267 268 269 270 271 272 273 274 275 276 277 278 279 280 281 282 283 284 285 286 287 288 289 290 291 292 293 294 295 296 297 298 299 300 301 302 303 304 305 306 307 308 384 385 386 387 388 389 390 400 402 403 404 405
31,6,0.0,16239.143000000004,0.0,1267 1311 1312 1338 1339 1340 1341 1342 1348 1349 1350 1351 1352 1353 1354 1355 1356 1357 1358 1359 1360 1361 1362 1363 1364 1367 1368 1369 1370 1371 1372 1373 1374 1375 1376 1377 1378 1379 1380 1381 1382 1383 1384 1385 1386 1387 1388 1389 1390 1391 1392 1393 1394 1395 1396 1397 1398 1399 1400 1401 1402 1403 1404 1405 1406 1407 1408 1409 1410 1411 1412 1413 1414 1415 1416 1417 1418
31,7,0.0,29182.902000000002,0.0,48 51 414 415 417 1272 1273 1274 1275 1276 1277 1278 1279 1280 1281 1282 1283 1284 1285 1286 1287 1288 1289 1290 1291 1292 1293 1294 1295 1296 1297 1298 1299 1300 1301 1302 1303 1304 1305 1306 1307 1308 1309 1310 1313 1314 1315 1316 1317 1318 1319 1320 1321 1322 1323 1324 1325 1326 1327 1328 1329 1330 1331 1332 1343 1344 1345 1346 1347
31,8,55537.616394791665,81755.424,0.0,369 375 377 378 406 408 409 881 882 883 884 890 891 892 893 894 895 896 897 899 900 901 905 906 907 908 909 910 911 912 913 914 915 916 917 918 919 920 921 1003 1004 1005 1006 1007 1008 1009 1010 1011 1012 1013 1014 1027 1028 1029 1032 1035 1036 1038 1039 1041 1042 1044 1045 1046 1047 1048 1049 1050 1051 1052 1053 1054 1055 1056 1057 1058 1059 1060 1061 1062 1063 1064 1065 1066 1067 1068 1069 1070 1071 1072 1073 1074 1075 1076 1077 1078 1079 1080 1081 1082 1083 1084 1085 1086 1087 1088 1091 1092 1093 1098 1106 1107 1108 1109 1110 1111 1112 1113 1114 1115 1116 1117 1118 1119 1120 1121 1122 1123 1124 1125 1126 1127 1128 1129 1130 1131 1132 1133 1134 1135 1136 1137 1138 1139 1140 1141 1142 1143 1144 1145 1146 1147 1148 1149 1150 1151 1152 1153 1154 1155 1156 1157 1158 1159 1160 1161 1162 1163 1164 1165 1166 1167 1168 1169 1170 1171 1172 1173 1174 1175
31,9,55537.616394791665,58734.75099999999,0.0,416 425 427 428 435 437 438 439 442 443 444 445 446 447 448 449 450 451 452 453 454 455 456 457 458 459 460 461 462 463 464 465 466 467 468 469 470 471 1030 1033 1034 1037 1040 1043 1176 1177 1178 1179 1180 1181 1182 1183 1184 1185 1186 1187 1188 1189 1190 1191 1192 1193 1194 1195 1196 1197 1198 1199 1200 1201 1202 1203 1204 1205 1206 1207 1208 1209 1210 1211 1212 1213 1214 1215 1216 1217 1218 1219 1220 1221 1222 1223 1224 1225 1226 1227 1228 1229 1230 1231 1232 1233 1234 1235 1236 1237 1238 1239 1240 1241 1242 1243 1244 1245 1246 1247 1248 1249 1250 1251 1252 1253 1254 1255 1256 1257 1258 1259 1260 1261 1262 1263 1264 1265 1266 1268 1269 1270 1271 1333 1334 1335 1336 1337 1365 1366
32,0,0.0,129774.986,120948.52202009247,109 111 112 121 122 123 124 125 126 127 128 129 130 476 499 547 548 550 551 554 556 557 558 559 560 561 562 563 564 565 566 567 568 569 570 571 572 573 574 575 576 577 578 579 580 581 582 583 584 585 586 587 588 589 590 591 592 593 594 595 596 597 598 599 600 601 602 603 604 605 606 607 608 609 610 611 612 613 614 615 616 617 618 619 620 621 622 623 624 625 626 627 628 629 630 631 632 633 634 635 636 637 638 639 640 641 642 643 644 645 646 647 648 649 650 651 652 653 654 655 656 657 658 659 660 661 662 663 664 667 668 669 673 674 675 676 677 678 679 680 681 682 683 684 685 686 687 688 690 691 706 707 708 709 710 711 712 713 714 715 716 717 718 719 720 721 722 723 724 725 726 727 728 729 730 731 732 733 734 735 736 737 738 739 740 741 742 743 744 745 746 747 748 749 750 751 752 753 754 755 756 757 758 759 760 761 763 764 767 768 770 775 776 777 787 788 789 790 791 792 793 794 795 796 797 798 799 800 801 802 803 804 805 806 807 808 809 810 811 812 813 814 815 816 818 819 820 826 827 828 829 830 831 832 833 834 836 841 842 846 898
32,1,55537.616394791665,42773.844000000005,0.0,0 1 2 3 4 5 6 7 8 9 10 11 12 13 14 15 16 17 18 19 20 21 22 23 24 25 26 27 28 29 30 31 32 33 34 35 36 37 38 39 40 41 42 43 44 45 46 47 49 50 75 78 418 419 473 474 545 546 549 552 553 555
32,2,7.275957614183426e-12,129954.01700000002,80802.94129895017,420 421 422 423 424 426 429 430 431 432 433 434 436 440 441 472 475 477 478 479 480 481 482 483 484 485 486 487 488 489 490 492 493 494 495 496 497 498 500 501 502 503 504 505 506 507 508 509 510 511 512 513 514 515 516 517 518 519 520 521 522 523 524 525 526 527 528 529 530 531 532 533 534 535 536 537 538 539 540 541 542 543 544 665 666 670 671 672 689 692 693 694 695 696 697 698 699 700 701 702 703 704 705 771 772 773 774 778 779 780 781 782 783 784 785 786 885 886 887 888 889 922 923 924 925 926 927 928 929 930 931 932 933 934 935 936 937 938 939 940 941 942 943 944 945 946 947 948 949 950 951 952 953 954 955 956 957 958 959 960 961 962 963 964 965 966 967 968 969 970 971 972 973 974 975 976 977 978 979 980 981 982 983 984 985 986 987 988 989 990 991 992 993 994 995 996 997 998 999 1000 1001 1002 1015 1016 1017 1018 1019 1020 1021 1022 1023 1024 1025 1026 1031
32,3,55537.616394791665,36414.793000000005,0.0,52 53 54 55 56 57 58 59 60 61 62 63 64 65 66 67 68 69 70 71 72 73 74 76 77 79 80 81 82 83 84 85 86 87 88 89 90 91 92 93 94 95 96 97 98 99 100 101 102 103 104 105 106 107 108 110 113 114 115 116 117 118 131 132 133 134 135 136 218 219 220 221 222 223 224 225 491
32,4,22320.985336837195,125108.3879999999,0.0,119 120 137 138 139 140 141 142 143 146 147 148 149 150 151 152 153 154 155 156 157 158 159 160 161 162 163 164 165 166 167 168 169 170 171 172 173 174 175 176 177 178 179 180 181 182 183 184 185 186 187 188 189 190 191 192 193 194 195 196 197 198 199 200 201 202 203 204 205 206 207 208 209 210 211 212 213 214 215 216 217 309 310 311 312 313 314 315 316 317 318 319 320 321 322 323 324 325 326 327 328 329 330 331 332 333 334 335 336 337 338 339 340 341 342 343 344 345 346 347 348 349 350 351 352 353 354 355 356 357 358 359 360 361 362 363 364 365 366 367 368 370 371 372 373 374 376 379 380 381 382 383 391 392 393 394 395 396 397 398 399 401 407 410 411 412 413 762 765 766 769 817 821 822 823 824 825 835 837 838 839 840 843 844 845 847 848 849 850 851 852 853 854 855 856 857 858 859 860 861 862 863 864 865 866 867 868 869 870 871 872 873 874 875 876 877 878 879 880 902 903 904 1089 1090 1094 1095 1096 1097 1099 1100 1101 1102 1103 1104 1105
32,5,55537.616394791665,35571.40400000002,0.0,144 145 226 227 228 229 230 231 232 233 234 235 236 237 238 239 240 241 242 243 244 245 246 247 248 249 250 251 252 253 254 255 256 257 258 259 260 261 262 263 264 265 266 267 268 269 270 271 272 273 274 275 276 277 278 279 280 281 282 283 284 285 286 287 288 289 290 291 292 293 294 295 296 297 298 299 300 301 302 303 304 305 306 307 308 384 385 386 387 388 389 390 400 402 403 404 405
32,6,55537.616394791665,17112.146000000004,0.0,1267 1311 1312 1338 1339 1340 1341 1342 1348 1349 1350 1351 1352 1353 1354 1355 1356 1357 1358 1359 1360 1361 1362 1363 1364 1367 1368 1369 1370 1371 1372 1373 1374 1375 1376 1377 1378 1379 1380 1381 1382 1383 1384 1385 1386 1387 1388 1389 1390 1391 1392 1393 1394 1395 1396 1397 1398 1399 1400 1401 1402 1403 1404 1405 1406 1407 1408 1409 1410 1411 1412 1413 1414 1415 1416 1417 1418
32,7,55537.616394791665,32179.826999999997,0.0,48 51 414 415 417 1272 1273 1274 1275 1276 1277 1278 1279 1280 1281 1282 1283 1284 1285 1286 1287 1288 1289 1290 1291 1292 1293 1294 1295 1296 1297 1298 1299 1300 1301 1302 1303 1304 1305 1306 1307 1308 1309 1310 1313 1314 1315 1316 1317 1318 1319 1320 1321 1322 1323 1324 1325 1326 1327 1328 1329 1330 1331 1332 1343 1344 1345 1346 1347
32,8,55537.616394791665,87350.39099999997,0.0,369 375 377 378 406 408 409 881 882 883 884 890 891 892 893 894 895 896 897 899 900 901 905 906 907 908 909 910 911 912 913 914 915 916 917 918 919 920 921 1003 1004 1005 1006 1007 1008 1009 1010 1011 1012 1013 1014 1027 1028 1029 1032 1035 1036 1038 1039 1041 1042 1044 1045 1046 1047 1048 1049 1050 1051 1052 1053 1054 1055 1056 1057 1058 1059 1060 1061 1062 1063 1064 1065 1066 1067 1068 1069 1070 1071 1072 1073 1074 1075 1076 1077 1078 1079 1080 1081 1082 1083 1084 1085 1086 1087 1088 1091 1092 1093 1098 1106 1107 1108 1109 1110 1111 1112 1113 1114 1115 1116 1117 1118 1119 1120 1121 1122 1123 1124 1125 1126 1127 1128 1129 1130 1131 1132 1133 1134 1135 1136 1137 1138 1139 1140 1141 1142 1143 1144 1145 1146 1147 1148 1149 1150 1151 1152 1153 1154 1155 1156 1157 1158 1159 1160 1161 1162 1163 1164 1165 1166 1167 1168 1169 1170 1171 1172 1173 1174 1175
32,9,55537.616394791665,59631.271000000015,0.0,416 425 427 428 435 437 438 439 442 443 444 445 446 447 448 449 450 451 452 453 454 455 456 457 458 459 460 461 462 463 464 465 466 467 468 469 470 471 1030 1033 1034 1037 1040 1043 1176 1177 1178 1179 1180 1181 1182 1183 1184 1185 1186 1187 1188 1189 1190 1191 1192 1193 1194 1195 1196 1197 1198 1199 1200 1201 1202 1203 1204 1205 1206 1207 1208 1209 1210 1211 1212 1213 1214 1215 1216 1217 1218 1219 1220 1221 1222 1223 1224 1225 1226 1227 1228 1229 1230 1231 1232 1233 1234 1235 1236 1237 1238 1239 1240 1241 1242 1243 1244 1245 1246 1247 1248 1249 1250 1251 1252 1253 1254 1255 1256 1257 1258 1259 1260 1261 1262 1263 1264 1265 1266 1268 1269 1270 1271 1333 1334 1335 1336 1337 1365 1366
33,0,0.0,127887.29199999991,119060.82802009238,109 111 112 121 122 123 124 125 127 128 499 556 557 558 559 560 563 565 566 567 568 569 570 571 572 573 574 575 576 577 578 579 580 581 582 583 584 585 586 587 588 589 590 591 592 593 594 595 596 597 598 600 601 602 603 604 606 607 608 609 610 611 612 613 614 615 616 617 618 619 620 621 622 623 624 625 626 627 628 629 630 631 632 633 634 635 636 637 638 639 640 641 642 643 644 645 646 647 648 649 651 652 653 654 655 656 657 658 659 660 661 663 664 668 669 671 674 675 676 677 678 679 680 681 683 684 685 686 687 688 689 690 691 692 706 707 708 709 710 711 712 713 714 715 716 717 718 719 720 721 722 723 724 725 726 727 728 729 730 731 732 733 734 735 736 737 738 739 740 741 742 743 744 745 746 747 748 749 750 751 752 753 754 755 756 757 760 761 762 763 764 766 768 769 770 775 780 787 788 789 790 791 792 793 794 795 796 797 798 799 800 801 802 803 804 805 806 808 809 810 811 812 813 814 815 818 820 821 826 827 828 829 830 832 833 835 836 837 842
33,1,55537.616394791665,48085.13100000001,0.0,0 1 2 3 4 5 6 7 8 9 10 11 12 13 14 15 16 17 18 19 20 21 22 23 24 25 26 27 28 29 30 31 32 33 34 35 36 37 38 39 40 41 42 43 44 45 46 47 49 50 75 78 418 419 472 473 474 476 545 546 547 548 549 550 551 552 553 554 555 561 562
33,2,0.0,125674.23899999927,76523.16329894941,420 421 422 423 429 430 431 432 433 434 436 441 475 477 478 479 480 481 482 483 484 485 486 487 488 489 490 491 492 493 494 495 496 497 498 500 501 502 503 504 505 506 507 508 509 510 511 512 513 514 515 516 517 518 519 520 521 522 523 524 525 526 527 528 529 530 531 532 533 534 535 536 537 538 539 540 541 542 543 544 599 605 650 662 665 666 667 670 672 673 682 693 694 695 696 697 698 699 700 701 702 703 704 705 758 771 772 773 774 776 777 778 779 782 783 784 785 786 838 885 886 922 923 924 925 926 927 928 929 930 931 932 933 934 935 936 937 938 939 940 941 942 943 944 945 946 947 948 949 950 951 952 953 954 955 956 957 958 959 960 961 962 963 964 965 966 967 968 969 970 971 972 973 974 975 976 977 978 979 980 981 982 983 984 985 986 987 988 989 990 991 992 993 994 995 996 997 998 999 1015 1016 1017 1018 1019 1020 1021 1022 1023 1024 1025 1031
33,3,55537.616394791665,38355.352,0.0,52 53 54 55 56 57 58 59 60 61 62 63 64 65 66 67 68 69 70 71 72 73 74 76 77 79 80 81 82 83 84 85 86 87 88 89 90 91 92 93 94 95 96 97 98 99 100 101 102 103 104 105 106 107 108 110 113 114 115 116 117 118 131 132 133 134 135 136 218 219 220 221 222 223 224 225 564
33,4,0.0,123836.65600000002,1476.2329510711643,119 120 126 129 130 137 138 139 140 141 142 143 146 147 148 149 150 151 152 153 154 155 156 157 158 159 160 161 162 163 164 165 166 167 168 169 170 171 172 173 174 175 176 177 178 179 180 181 182 183 184 185 186 187 188 189 190 191 192 193 194 195 196 197 198 199 200 201 202 203 204 205 206 207 208 209 210 211 212 213 214 215 216 217 309 310 311 312 313 314 315 316 317 318 319 320 321 322 323 324 325 326 327 328 329 330 331 332 333 334 335 336 337 338 339 340 341 342 343 344 345 346 347 348 349 350 351 352 353 354 355 356 357 358 359 360 361 362 363 364 365 366 367 368 370 371 372 373 374 376 379 380 381 382 383 391 392 393 394 395 396 397 398 399 401 407 410 411 412 413 759 765 807 816 817 819 822 823 824 825 831 834 839 840 841 843 844 845 846 847 848 849 850 851 852 853 854 855 856 857 858 859 860 861 862 863 864 865 866 867 868 869 870 871 872 873 874 875 876 877 878 879 880 902 903 904 1089 1094 1095 1096 1097 1099 1100 1101 1102 1104 1105
33,5,0.0,38435.166000000005,0.0,144 145 226 227 228 229 230 231 232 233 234 235 236 237 238 239 240 241 242 243 244 245 246 247 248 249 250 251 252 253 254 255 256 257 258 259 260 261 262 263 264 265 266 267 268 269 270 271 272 273 274 275 276 277 278 279 280 281 282 283 284 285 286 287 288 289 290 291 292 293 294 295 296 297 298 299 300 301 302 303 304 305 306 307 308 384 385 386 387 388 389 390 400 402 403 404 405
33,6,0.0,18679.454,0.0,1267 1311 1312 1338 1339 1340 1341 1342 1348 1349 1350 1351 1352 1353 1354 1355 1356 1357 1358 1359 1360 1361 1362 1363 1364 1367 1368 1369 1370 1371 1372 1373 1374 1375 1376 1377 1378 1379 1380 1381 1382 1383 1384 1385 1386 1387 1388 1389 1390 1391 1392 1393 1394 1395 1396 1397 1398 1399 1400 1401 1402 1403 1404 1405 1406 1407 1408 1409 1410 1411 1412 1413 1414 1415 1416 1417 1418
33,7,0.0,33528.10300000001,0.0,48 51 414 415 417 1272 1273 1274 1275 1276 1277 1278 1279 1280 1281 1282 1283 1284 1285 1286 1287 1288 1289 1290 1291 1292 1293 1294 1295 1296 1297 1298 1299 1300 1301 1302 1303 1304 1305 1306 1307 1308 1309 1310 1313 1314 1315 1316 1317 1318 1319 1320 1321 1322 1323 1324 1325 1326 1327 1328 1329 1330 1331 1332 1343 1344 1345 1346 1347
33,8,55537.616394791665,97755.35200000001,0.0,369 375 377 378 406 408 409 767 781 881 882 883 884 887 888 889 890 891 892 893 894 895 896 897 898 899 900 901 905 906 907 908 909 910 911 912 913 914 915 916 917 918 919 920 921 1000 1001 1002 1003 1004 1005 1006 1007 1008 1009 1010 1011 1012 1013 1014 1026 1027 1028 1029 1032 1035 1036 1038 1039 1041 1042 1044 1045 1046 1047 1048 1049 1050 1051 1052 1053 1054 1055 1056 1057 1058 1059 1060 1061 1062 1063 1064 1065 1066 1067 1068 1069 1070 1071 1072 1073 1074 1075 1076 1077 1078 1079 1080 1081 1082 1083 1084 1085 1086 1087 1088 1090 1091 1092 1093 1098 1103 1106 1107 1108 1109 1110 1111 1112 1113 1114 1115 1116 1117 1118 1119 1120 1121 1122 1123 1124 1125 1126 1127 1128 1129 1130 1131 1132 1133 1134 1135 1136 1137 1138 1139 1140 1141 1142 1143 1144 1145 1146 1147 1148 1149 1150 1151 1152 1153 1154 1155 1156 1157 1158 1159 1160 1161 1162 1163 1164 1165 1166 1167 1168 1169 1170 1171 1172 1173 1174 1175
33,9,55537.616394791665,61721.564999999995,0.0,416 424 425 426 427 428 435 437 438 439 440 442 443 444 445 446 447 448 449 450 451 452 453 454 455 456 457 458 459 460 461 462 463 464 465 466 467 468 469 470 471 1030 1033 1034 1037 1040 1043 1176 1177 1178 1179 1180 1181 1182 1183 1184 1185 1186 1187 1188 1189 1190 1191 1192 1193 1194 1195 1196 1197 1198 1199 1200 1201 1202 1203 1204 1205 1206 1207 1208 1209 1210 1211 1212 1213 1214 1215 1216 1217 1218 1219 1220 1221 1222 1223 1224 1225 1226 1227 1228 1229 1230 1231 1232 1233 1234 1235 1236 1237 1238 1239 1240 1241 1242 1243 1244 1245 1246 1247 1248 1249 1250 1251 1252 1253 1254 1255 1256 1257 1258 1259 1260 1261 1262 1263 1264 1265 1266 1268 1269 1270 1271 1333 1334 1335 1336 1337 1365 1366
34,0,0.0,127368.16099999996,118541.69702009243,109 111 112 121 122 123 124 125 127 128 499 556 557 558 559 560 563 565 566 567 568 569 570 571 572 573 574 575 576 577 578 579 580 581 582 583 584 585 586 587 588 589 590 591 592 593 594 595 596 597 598 600 601 602 603 604 606 607 608 609 610 611 612 613 614 615 616 617 618 619 620 621 622 623 624 625 626 627 628 629 630 631 632 633 634 635 636 637 638 639 640 641 642 643 644 645 646 647 648 649 651 652 653 654 655 656 657 658 659 660 661 663 664 668 669 671 674 675 676 677 678 679 680 681 683 684 685 686 687 688 689 690 691 692 706 707 708 709 710 711 712 713 714 715 716 717 718 719 720 721 722 723 724 725 726 727 728 729 730 731 732 733 734 735 736 737 738 739 740 741 742 743 744 745 746 747 748 749 750 751 752 753 754 755 756 757 760 761 762 763 764 766 768 769 770 775 780 787 788 789 790 791 792 793 794 795 796 797 798 799 800 801 802 803 804 805 806 808 809 810 811 812 813 814 815 818 820 821 826 827 828 829 830 832 833 835 836 837 842
34,1,55537.616394791665,53969.259,0.0,0 1 2 3 4 5 6 7 8 9 10 11 12 13 14 15 16 17 18 19 20 21 22 23 24 25 26 27 28 29 30 31 32 33 34 35 36 37 38 39 40 41 42 43 44 45 46 47 49 50 75 78 418 419 472 473 474 476 545 546 547 548 549 550 551 552 553 554 555 561 562
34,2,0.0,129980.42,80829.34429895013,420 421 422 423 429 430 431 432 433 434 436 441 475 477 478 479 480 481 482 483 484 485 486 487 488 489 490 491 492 493 494 495 496 497 498 500 501 502 503 504 505 506 507 508 509 510 511 512 513 514 515 516 517 518 519 520 521 522 523 524 525 526 527 528 529 530 531 532 533 534 535 536 537 538 539 540 541 542 543 544 599 605 650 662 665 666 667 670 672 673 682 693 694 695 696 697 698 699 700 701 702 703 704 705 758 771 772 773 774 776 777 778 779 782 783 784 785 786 838 885 886 922 923 924 925 926 927 928 929 930 931 932 933 934 935 936 937 938 939 940 941 942 943 944 945 946 947 948 949 950 951 952 953 954 955 956 957 958 959 960 961 962 963 964 965 966 967 968 969 970 971 972 973 974 975 976 977 978 979 980 981 982 983 984 985 986 987 988 989 990 991 992 993 994 995 996 997 998 999 1015 1016 1017 1018 1019 1020 1021 1022 1023 1024 1025 1031
34,3,55537.616394791665,40457.07299999999,0.0,52 53 54 55 56 57 58 59 60 61 62 63 64 65 66 67 68 69 70 71 72 73 74 76 77 79 80 81 82 83 84 85 86 87 88 89 90 91 92 93 94 95 96 97 98 99 100 101 102 103 104 105 106 107 108 110 113 114 115 116 117 118 131 132 133 134 135 136 218 219 220 221 222 223 224 225 564
34,4,0.0,129925.7,29886.26228790835,119 120 126 129 130 137 138 139 140 141 142 143 146 147 148 149 150 151 152 153 154 155 156 157 158 159 160 161 162 163 164 165 166 167 168 169 170 171 172 173 174 175 176 177 178 179 180 181 182 183 184 185 186 187 188 189 190 191 192 193 194 195 196 197 198 199 200 201 202 203 204 205 206 207 208 209 210 211 212 213 214 215 216 217 309 310 311 312 313 314 315 316 317 318 319 320 321 322 323 324 325 326 327 328 329 330 331 332 333 334 335 336 337 338 339 340 341 342 343 344 345 346 347 348 349 350 351 352 353 354 355 356 357 358 359 360 361 362 363 364 365 366 367 368 370 371 372 373 374 376 379 380 381 382 383 391 392 393 394 395 396 397 398 399 401 407 410 411 412 413 759 765 807 816 817 819 822 823 824 825 831 834 839 840 841 843 844 845 846 847 848 849 850 851 852 853 854 855 856 857 858 859 860 861 862 863 864 865 866 867 868 869 870 871 872 873 874 875 876 877 878 879 880 902 903 904 1089 1094 1095 1096 1097 1099 1100 1101 1102 1104 1105
34,5,0.0,37274.327,0.0,144 145 226 227 228 229 230 231 232 233 234 235 236 237 238 239 240 241 242 243 244 245 246 247 248 249 250 251 252 253 254 255 256 257 258 259 260 261 262 263 264 265 266 267 268 269 270 271 272 273 274 275 276 277 278 279 280 281 282 283 284 285 286 287 288 289 290 291 292 293 294 295 296 297 298 299 300 301 302 303 304 305 306 307 308 384 385 386 387 388 389 390 400 402 403 404 405
34,6,0.0,17189.264000000003,0.0,1267 1311 1312 1338 1339 1340 1341 1342 1348 1349 1350 1351 1352 1353 1354 1355 1356 1357 1358 1359 1360 1361 1362 1363 1364 1367 1368 1369 1370 1371 1372 1373 1374 1375 1376 1377 1378 1379 1380 1381 1382 1383 1384 1385 1386 1387 1388 1389 1390 1391 1392 1393 1394 1395 1396 1397 1398 1399 1400 1401 1402 1403 1404 1405 1406 1407 1408 1409 1410 1411 1412 1413 1414 1415 1416 1417 1418
34,7,0.0,30561.614000000005,0.0,48 51 414 415 417 1272 1273 1274 1275 1276 1277 1278 1279 1280 1281 1282 1283 1284 1285 1286 1287 1288 1289 1290 1291 1292 1293 1294 1295 1296 1297 1298 1299 1300 1301 1302 1303 1304 1305 1306 1307 1308 1309 1310 1313 1314 1315 1316 1317 1318 1319 1320 1321 1322 1323 1324 1325 1326 1327 1328 1329 1330 1331 1332 1343 1344 1345 1346 1347
34,8,55537.616394791665,97249.84100000001,0.0,369 375 377 378 406 408 409 767 781 881 882 883 884 887 888 889 890 891 892 893 894 895 896 897 898 899 900 901 905 906 907 908 909 910 911 912 913 914 915 916 917 918 919 920 921 1000 1001 1002 1003 1004 1005 1006 1007 1008 1009 1010 1011 1012 1013 1014 1026 1027 1028 1029 1032 1035 1036 1038 1039 1041 1042 1044 1045 1046 1047 1048 1049 1050 1051 1052 1053 1054 1055 1056 1057 1058 1059 1060 1061 1062 1063 1064 1065 1066 1067 1068 1069 1070 1071 1072 1073 1074 1075 1076 1077 1078 1079 1080 1081 1082 1083 1084 1085 1086 1087 1088 1090 1091 1092 1093 1098 1103 1106 1107 1108 1109 1110 1111 1112 1113 1114 1115 1116 1117 1118 1119 1120 1121 1122 1123 1124 1125 1126 1127 1128 1129 1130 1131 1132 1133 1134 1135 1136 1137 1138 1139 1140 1141 1142 1143 1144 1145 1146 1147 1148 1149 1150 1151 1152 1153 1154 1155 1156 1157 1158 1159 1160 1161 1162 1163 1164 1165 1166 1167 1168 1169 1170 1171 1172 1173 1174 1175
34,9,55537.616394791665,60000.64800000001,0.0,416 424 425 426 427 428 435 437 438 439 440 442 443 444 445 446 447 448 449 450 451 452 453 454 455 456 457 458 459 460 461 462 463 464 465 466 467 468 469 470 471 1030 1033 1034 1037 1040 1043 1176 1177 1178 1179 1180 1181 1182 1183 1184 1185 1186 1187 1188 1189 1190 1191 1192 1193 1194 1195 1196 1197 1198 1199 1200 1201 1202 1203 1204 1205 1206 1207 1208 1209 1210 1211 1212 1213 1214 1215 1216 1217 1218 1219 1220 1221 1222 1223 1224 1225 1226 1227 1228 1229 1230 1231 1232 1233 1234 1235 1236 1237 1238 1239 1240 1241 1242 1243 1244 1245 1246 1247 1248 1249 1250 1251 1252 1253 1254 1255 1256 1257 1258 1259 1260 1261 1262 1263 1264 1265 1266 1268 1269 1270 1271 1333 1334 1335 1336 1337 1365 1366
35,0,0.0,129983.65499999993,121157.19102009239,109 111 112 121 122 123 124 125 127 128 499 556 557 558 559 560 563 565 566 567 568 569 570 571 572 573 574 575 576 577 578 579 580 581 582 583 584 585 586 587 588 589 590 591 592 593 594 595 596 597 598 600 601 602 603 604 606 607 608 609 610 611 612 613 614 615 616 617 618 619 620 621 622 623 624 625 626 627 628 629 630 631 632 633 634 635 636 637 638 639 640 641 642 643 644 645 646 647 648 649 651 652 653 654 655 656 657 658 659 660 661 663 664 668 669 671 674 675 676 677 678 679 680 681 683 684 685 686 687 688 689 690 691 692 706 707 708 709 710 711 712 713 714 715 716 717 718 719 720 721 722 723 724 725 726 727 728 729 730 731 732 733 734 735 736 737 738 739 740 741 742 743 744 745 746 747 748 749 750 751 752 753 754 755 756 757 760 761 762 763 764 766 768 769 770 775 780 787 788 789 790 791 792 793 794 795 796 797 798 799 800 801 802 803 804 805 806 808 809 810 811 812 813 814 815 818 820 821 826 827 828 829 830 832 833 835 836 837 842
35,1,55537.616394791665,51496.26800000001,0.0,0 1 2 3 4 5 6 7 8 9 10 11 12 13 14 15 16 17 18 19 20 21 22 23 24 25 26 27 28 29 30 31 32 33 34 35 36 37 38 39 40 41 42 43 44 45 46 47 49 50 75 78 418 419 472 473 474 476 545 546 547 548 549 550 551 552 553 554 555 561 562
35,2,7.275957614183426e-12,129605.95799999998,80454.88229895014,420 421 422 423 429 430 431 432 433 434 436 441 475 477 478 479 480 481 482 483 484 485 486 487 488 489 490 491 492 493 494 495 496 497 498 500 501 502 503 504 505 506 507 508 509 510 511 512 513 514 515 516 517 518 519 520 521 522 523 524 525 526 527 528 529 530 531 532 533 534 535 536 537 538 539 540 541 542 543 544 599 605 650 662 665 666 667 670 672 673 682 693 694 695 696 697 698 699 700 701 702 703 704 705 758 771 772 773 774 776 777 778 779 782 783 784 785 786 838 885 886 922 923 924 925 926 927 928 929 930 931 932 933 934 935 936 937 938 939 940 941 942 943 944 945 946 947 948 949 950 951 952 953 954 955 956 957 958 959 960 961 962 963 964 965 966 967 968 969 970 971 972 973 974 975 976 977 978 979 980 981 982 983 984 985 986 987 988 989 990 991 992 993 994 995 996 997 998 999 1015 1016 1017 1018 1019 1020 1021 1022 1023 1024 1025 1031
35,3,55537.616394791665,40245.776,0.0,52 53 54 55 56 57 58 59 60 61 62 63 64 65 66 67 68 69 70 71 72 73 74 76 77 79 80 81 82 83 84 85 86 87 88 89 90 91 92 93 94 95 96 97 98 99 100 101 102 103 104 105 106 107 108 110 113 114 115 116 117 118 131 132 133 134 135 136 218 219 220 221 222 223 224 225 564
35,4,0.0,129791.45300000004,29752.015287908376,119 120 126 129 130 137 138 139 140 141 142 143 146 147 148 149 150 151 152 153 154 155 156 157 158 159 160 161 162 163 164 165 166 167 168 169 170 171 172 173 174 175 176 177 178 179 180 181 182 183 184 185 186 187 188 189 190 191 192 193 194 195 196 197 198 199 200 201 202 203 204 205 206 207 208 209 210 211 212 213 214 215 216 217 309 310 311 312 313 314 315 316 317 318 319 320 321 322 323 324 325 326 327 328 329 330 331 332 333 334 335 336 337 338 339 340 341 342 343 344 345 346 347 348 349 350 351 352 353 354 355 356 357 358 359 360 361 362 363 364 365 366 367 368 370 371 372 373 374 376 379 380 381 382 383 391 392 393 394 395 396 397 398 399 401 407 410 411 412 413 759 765 807 816 817 819 822 823 824 825 831 834 839 840 841 843 844 845 846 847 848 849 850 851 852 853 854 855 856 857 858 859 860 861 862 863 864 865 866 867 868 869 870 871 872 873 874 875 876 877 878 879 880 902 903 904 1089 1094 1095 1096 1097 1099 1100 1101 1102 1104 1105
35,5,55537.616394791665,38143.379,0.0,144 145 226 227 228 229 230 231 232 233 234 235 236 237 238 239 240 241 242 243 244 245 246 247 248 249 250 251 252 253 254 255 256 257 258 259 260 261 262 263 264 265 266 267 268 269 270 271 272 273 274 275 276 277 278 279 280 281 282 283 284 285 286 287 288 289 290 291 292 293 294 295 296 297 298 299 300 301 302 303 304 305 306 307 308 384 385 386 387 388 389 390 400 402 403 404 405
35,6,55537.616394791665,20171.853000000003,0.0,1267 1311 1312 1338 1339 1340 1341 1342 1348 1349 1350 1351 1352 1353 1354 1355 1356 1357 1358 1359 1360 1361 1362 1363 1364 1367 1368 1369 1370 1371 1372 1373 1374 1375 1376 1377 1378 1379 1380 1381 1382 1383 1384 1385 1386 1387 1388 1389 1390 1391 1392 1393 1394 1395 1396 1397 1398 1399 1400 1401 1402 1403 1404 1405 1406 1407 1408 1409 1410 1411 1412 1413 1414 1415 1416 1417 1418
35,7,55537.616394791665,30620.02700000001,0.0,48 51 414 415 417 1272 1273 1274 1275 1276 1277 1278 1279 1280 1281 1282 1283 1284 1285 1286 1287 1288 1289 1290 1291 1292 1293 1294 1295 1296 1297 1298 1299 1300 1301 1302 1303 1304 1305 1306 1307 1308 1309 1310 1313 1314 1315 1316 1317 1318 1319 1320 1321 1322 1323 1324 1325 1326 1327 1328 1329 1330 1331 1332 1343 1344 1345 1346 1347
35,8,55537.616394791665,98232.318,0.0,369 375 377 378 406 408 409 767 781 881 882 883 884 887 888 889 890 891 892 893 894 895 896 897 898 899 900 901 905 906 907 908 909 910 911 912 913 914 915 916 917 918 919 920 921 1000 1001 1002 1003 1004 1005 1006 1007 1008 1009 1010 1011 1012 1013 1014 1026 1027 1028 1029 1032 1035 1036 1038 1039 1041 1042 1044 1045 1046 1047 1048 1049 1050 1051 1052 1053 1054 1055 1056 1057 1058 1059 1060 1061 1062 1063 1064 1065 1066 1067 1068 1069 1070 1071 1072 1073 1074 1075 1076 1077 1078 1079 1080 1081 1082 1083 1084 1085 1086 1087 1088 1090 1091 1092 1093 1098 1103 1106 1107 1108 1109 1110 1111 1112 1113 1114 1115 1116 1117 1118 1119 1120 1121 1122 1123 1124 1125 1126 1127 1128 1129 1130 1131 1132 1133 1134 1135 1136 1137 1138 1139 1140 1141 1142 1143 1144 1145 1146 1147 1148 1149 1150 1151 1152 1153 1154 1155 1156 1157 1158 1159 1160 1161 1162 1163 1164 1165 1166 1167 1168 1169 1170 1171 1172 1173 1174 1175
35,9,55537.616394791665,61983.30299999999,0.0,416 424 425 426 427 428 435 437 438 439 440 442 443 444 445 446 447 448 449 450 451 452 453 454 455 456 457 458 459 460 461 462 463 464 465 466 467 468 469 470 471 1030 1033 1034 1037 1040 1043 1176 1177 1178 1179 1180 1181 1182 1183 1184 1185 1186 1187 1188 1189 1190 1191 1192 1193 1194 1195 1196 1197 1198 1199 1200 1201 1202 1203 1204 1205 1206 1207 1208 1209 1210 1211 1212 1213 1214 1215 1216 1217 1218 1219 1220 1221 1222 1223 1224 1225 1226 1227 1228 1229 1230 1231 1232 1233 1234 1235 1236 1237 1238 1239 1240 1241 1242 1243 1244 1245 1246 1247 1248 1249 1250 1251 1252 1253 1254 1255 1256 1257 1258 1259 1260 1261 1262 1263 1264 1265 1266 1268 1269 1270 1271 1333 1334 1335 1336 1337 1365 1366
36,0,0.0,129536.07299999999,122169.09335765983,109 111 112 121 122 123 124 127 128 130 556 558 559 563 564 565 566 567 568 569 570 571 572 573 574 575 576 577 578 579 580 581 582 583 584 585 586 587 588 589 590 591 592 593 594 595 596 597 598 599 600 601 602 603 604 605 606 607 608 609 610 611 612 613 614 615 616 617 618 619 620 621 622 623 624 625 626 627 628 629 630 631 632 633 634 635 636 637 638 639 640 641 642 643 644 645 646 648 649 651 652 653 654 655 656 657 658 659 660 661 663 664 668 669 671 673 674 675 676 677 678 679 680 681 682 683 684 685 686 687 688 689 690 691 692 706 707 708 709 710 711 712 713 714 715 716 717 718 719 720 721 722 723 724 725 726 727 728 729 730 731 732 733 734 735 736 737 738 739 740 741 742 743 744 745 746 747 748 749 750 751 752 753 754 755 756 757 758 759 760 761 762 763 764 767 770 776 777 787 788 789 790 791 792 793 794 795 796 797 798 799 800 801 802 803 804 805 806 807 808 809 810 811 812 813 814 815 816 818 819 820 821 826 827 828 829 830 831 832 833 834 841
36,1,55537.616394791665,51649.454000000034,0.0,0 1 2 3 4 5 6 7 8 9 10 11 12 13 14 15 16 17 18 19 20 21 22 23 24 25 26 27 28 29 30 31 32 33 34 35 36 37 38 39 40 41 42 43 44 45 46 47 49 50 75 78 418 419 473 474 477 545 546 547 548 549 550 551 552 553 554 555 561 562 939
36,2,0.0,129968.286,89389.43113347734,420 421 422 423 424 429 430 431 432 433 434 436 437 440 441 472 475 476 478 479 480 481 482 483 484 485 486 487 488 489 490 492 493 494 495 496 497 498 499 500 501 502 503 504 505 506 507 508 509 510 511 512 513 514 515 516 517 518 519 520 521 522 524 525 526 527 528 529 530 531 532 533 534 535 536 537 538 539 540 541 542 543 544 557 560 647 650 662 665 666 667 670 672 693 694 695 696 697 698 699 700 701 702 703 704 705 771 772 773 774 775 778 779 780 781 782 783 784 785 786 885 886 922 923 924 925 926 927 928 929 930 931 932 933 934 935 936 937 938 940 941 942 943 944 945 946 947 948 949 950 951 952 953 954 955 956 957 958 959 960 961 962 963 964 965 966 967 968 969 970 971 972 973 974 975 976 977 978 979 980 981 982 983 984 985 986 987 988 989 990 991 993 994 995 996 997 998 999 1000 1001 1006 1011 1015 1016 1017 1018 1019 1020 1021 1022 1023 1025 1027 1031
36,3,55537.616394791665,36466.062999999995,0.0,52 53 54 55 56 57 58 59 60 61 62 63 64 65 66 67 68 69 70 71 72 73 74 76 77 79 80 81 82 83 84 85 86 87 88 89 90 91 92 93 94 95 96 97 98 99 100 101 102 103 104 105 106 107 108 110 113 114 115 116 117 118 131 132 133 134 135 136 218 219 220 221 222 223 224 225 491 523
36,4,0.0,124703.9210000001,38302.326129124194,119 120 125 126 129 137 138 139 140 141 142 143 146 147 148 149 150 151 152 153 154 155 156 157 158 159 160 161 162 163 164 165 166 167 168 169 170 171 172 173 174 175 176 177 178 179 180 181 182 183 184 185 186 187 188 189 190 191 192 193 194 195 196 197 198 199 200 201 202 203 204 205 206 207 208 209 210 211 212 213 214 215 216 217 309 310 311 312 313 314 315 316 317 318 319 320 321 322 323 324 325 326 327 328 329 330 331 332 333 334 335 336 337 338 339 340 341 342 343 344 345 346 347 348 349 350 351 352 353 354 355 356 357 358 359 360 361 362 363 364 365 366 367 368 370 371 372 373 374 376 379 380 381 382 383 391 392 393 394 395 396 397 398 399 401 407 410 411 412 413 765 766 768 769 817 822 823 824 825 835 836 837 838 839 840 842 843 844 845 846 847 848 849 850 851 852 853 854 855 856 857 858 859 860 861 862 863 864 865 866 867 868 869 870 871 872 873 874 875 876 877 878 879 880 902 903 904 1089 1090 1094 1095 1096 1097 1099 1100 1101 1102 1103 1104 1105
36,5,55537.616394791665,37147.934,0.0,144 145 226 227 228 229 230 231 232 233 234 235 236 237 238 239 240 241 242 243 244 245 246 247 248 249 250 251 252 253 254 255 256 257 258 259 260 261 262 263 264 265 266 267 268 269 270 271 272 273 274 275 276 277 278 279 280 281 282 283 284 285 286 287 288 289 290 291 292 293 294 295 296 297 298 299 300 301 302 303 304 305 306 307 308 384 385 386 387 388 389 390 400 402 403 404 405
36,6,0.0,18870.293,0.0,1267 1311 1312 1338 1339 1340 1341 1342 1348 1349 1350 1351 1352 1353 1354 1355 1356 1357 1358 1359 1360 1361 1362 1363 1364 1367 1368 1369 1370 1371 1372 1373 1374 1375 1376 1377 1378 1379 1380 1381 1382 1383 1384 1385 1386 1387 1388 1389 1390 1391 1392 1393 1394 1395 1396 1397 1398 1399 1400 1401 1402 1403 1404 1405 1406 1407 1408 1409 1410 1411 1412 1413 1414 1415 1416 1417 1418
36,7,0.0,29961.688000000002,0.0,48 51 414 415 417 1272 1273 1274 1275 1276 1277 1278 1279 1280 1281 1282 1283 1284 1285 1286 1287 1288 1289 1290 1291 1292 1293 1294 1295 1296 1297 1298 1299 1300 1301 1302 1303 1304 1305 1306 1307 1308 1309 1310 1313 1314 1315 1316 1317 1318 1319 1320 1321 1322 1323 1324 1325 1326 1327 1328 1329 1330 1331 1332 1343 1344 1345 1346 1347
36,8,54966.67286185772,92064.14100000002,0.0,369 375 377 378 406 408 409 881 882 883 884 887 888 889 890 891 892 893 894 895 896 897 898 899 900 901 905 906 907 908 909 910 911 912 913 914 915 916 917 918 919 920 921 992 1002 1003 1004 1005 1007 1008 1009 1010 1012 1013 1014 1024 1026 1028 1029 1032 1035 1036 1038 1039 1041 1042 1044 1045 1046 1047 1048 1049 1050 1051 1052 1053 1054 1055 1056 1057 1058 1059 1060 1061 1062 1063 1064 1065 1066 1067 1068 1069 1070 1071 1072 1073 1074 1075 1076 1077 1078 1079 1080 1081 1082 1083 1084 1085 1086 1087 1088 1091 1092 1093 1098 1106 1107 1108 1109 1110 1111 1112 1113 1114 1115 1116 1117 1118 1119 1120 1121 1122 1123 1124 1125 1126 1127 1128 1129 1130 1131 1132 1133 1134 1135 1136 1137 1138 1139 1140 1141 1142 1143 1144 1145 1146 1147 1148 1149 1150 1151 1152 1153 1154 1155 1156 1157 1158 1159 1160 1161 1162 1163 1164 1165 1166 1167 1168 1169 1170 1171 1172 1173 1174 1175
36,9,55537.616394791665,59652.297999999995,0.0,416 425 426 427 428 435 438 439 442 443 444 445 446 447 448 449 450 451 452 453 454 455 456 457 458 459 460 461 462 463 464 465 466 467 468 469 470 471 1030 1033 1034 1037 1040 1043 1176 1177 1178 1179 1180 1181 1182 1183 1184 1185 1186 1187 1188 1189 1190 1191 1192 1193 1194 1195 1196 1197 1198 1199 1200 1201 1202 1203 1204 1205 1206 1207 1208 1209 1210 1211 1212 1213 1214 1215 1216 1217 1218 1219 1220 1221 1222 1223 1224 1225 1226 1227 1228 1229 1230 1231 1232 1233 1234 1235 1236 1237 1238 1239 1240 1241 1242 1243 1244 1245 1246 1247 1248 1249 1250 1251 1252 1253 1254 1255 1256 1257 1258 1259 1260 1261 1262 1263 1264 1265 1266 1268 1269 1270 1271 1333 1334 1335 1336 1337 1365 1366
37,0,0.0,123969.37299999998,116602.39335765982,109 111 112 121 122 123 124 127 128 130 556 558 559 563 564 565 566 567 568 569 570 571 572 573 574 575 576 577 578 579 580 581 582 583 584 585 586 587 588 589 590 591 592 593 594 595 596 597 598 599 600 601 602 603 604 605 606 607 608 609 610 611 612 613 614 615 616 617 618 619 620 621 622 623 624 625 626 627 628 629 630 631 632 633 634 635 636 637 638 639 640 641 642 643 644 645 646 648 649 651 652 653 654 655 656 657 658 659 660 661 663 664 668 669 671 673 674 675 676 677 678 679 680 681 682 683 684 685 686 687 688 689 690 691 692 706 707 708 709 710 711 712 713 714 715 716 717 718 719 720 721 722 723 724 725 726 727 728 729 730 731 732 733 734 735 736 737 738 739 740 741 742 743 744 745 746 747 748 749 750 751 752 753 754 755 756 757 758 759 760 761 762 763 764 767 770 776 777 787 788 789 790 791 792 793 794 795 796 797 798 799 800 801 802 803 804 805 806 807 808 809 810 811 812 813 814 815 816 818 819 820 821 826 827 828 829 830 831 832 833 834 841
37,1,55537.616394791665,52084.85399999999,0.0,0 1 2 3 4 5 6 7 8 9 10 11 12 13 14 15 16 17 18 19 20 21 22 23 24 25 26 27 28 29 30 31 32 33 34 35 36 37 38 39 40 41 42 43 44 45 46 47 49 50 75 78 418 419 473 474 477 545 546 547 548 549 550 551 552 553 554 555 561 562 939
37,2,0.0,123906.53299999992,83327.67813347727,420 421 422 423 424 429 430 431 432 433 434 436 437 440 441 472 475 476 478 479 480 481 482 483 484 485 486 487 488 489 490 492 493 494 495 496 497 498 499 500 501 502 503 504 505 506 507 508 509 510 511 512 513 514 515 516 517 518 519 520 521 522 524 525 526 527 528 529 530 531 532 533 534 535 536 537 538 539 540 541 542 543 544 557 560 647 650 662 665 666 667 670 672 693 694 695 696 697 698 699 700 701 702 703 704 705 771 772 773 774 775 778 779 780 781 782 783 784 785 786 885 886 922 923 924 925 926 927 928 929 930 931 932 933 934 935 936 937 938 940 941 942 943 944 945 946 947 948 949 950 951 952 953 954 955 956 957 958 959 960 961 962 963 964 965 966 967 968 969 970 971 972 973 974 975 976 977 978 979 980 981 982 983 984 985 986 987 988 989 990 991 993 994 995 996 997 998 999 1000 1001 1006 1011 1015 1016 1017 1018 1019 1020 1021 1022 1023 1025 1027 1031
37,3,55537.616394791665,37210.343,0.0,52 53 54 55 56 57 58 59 60 61 62 63 64 65 66 67 68 69 70 71 72 73 74 76 77 79 80 81 82 83 84 85 86 87 88 89 90 91 92 93 94 95 96 97 98 99 100 101 102 103 104 105 106 107 108 110 113 114 115 116 117 118 131 132 133 134 135 136 218 219 220 221 222 223 224 225 491 523
37,4,0.0,119038.143,32636.54812912409,119 120 125 126 129 137 138 139 140 141 142 143 146 147 148 149 150 151 152 153 154 155 156 157 158 159 160 161 162 163 164 165 166 167 168 169 170 171 172 173 174 175 176 177 178 179 180 181 182 183 184 185 186 187 188 189 190 191 192 193 194 195 196 197 198 199 200 201 202 203 204 205 206 207 208 209 210 211 212 213 214 215 216 217 309 310 311 312 313 314 315 316 317 318 319 320 321 322 323 324 325 326 327 328 329 330 331 332 333 334 335 336 337 338 339 340 341 342 343 344 345 346 347 348 349 350 351 352 353 354 355 356 357 358 359 360 361 362 363 364 365 366 367 368 370 371 372 373 374 376 379 380 381 382 383 391 392 393 394 395 396 397 398 399 401 407 410 411 412 413 765 766 768 769 817 822 823 824 825 835 836 837 838 839 840 842 843 844 845 846 847 848 849 850 851 852 853 854 855 856 857 858 859 860 861 862 863 864 865 866 867 868 869 870 871 872 873 874 875 876 877 878 879 880 902 903 904 1089 1090 1094 1095 1096 1097 1099 1100 1101 1102 1103 1104 1105
37,5,55537.616394791665,37039.58499999999,0.0,144 145 226 227 228 229 230 231 232 233 234 235 236 237 238 239 240 241 242 243 244 245 246 247 248 249 250 251 252 253 254 255 256 257 258 259 260 261 262 263 264 265 266 267 268 269 270 271 272 273 274 275 276 277 278 279 280 281 282 283 284 285 286 287 288 289 290 291 292 293 294 295 296 297 298 299 300 301 302 303 304 305 306 307 308 384 385 386 387 388 389 390 400 402 403 404 405
37,6,0.0,19028.011000000002,0.0,1267 1311 1312 1338 1339 1340 1341 1342 1348 1349 1350 1351 1352 1353 1354 1355 1356 1357 1358 1359 1360 1361 1362 1363 1364 1367 1368 1369 1370 1371 1372 1373 1374 1375 1376 1377 1378 1379 1380 1381 1382 1383 1384 1385 1386 1387 1388 1389 1390 1391 1392 1393 1394 1395 1396 1397 1398 1399 1400 1401 1402 1403 1404 1405 1406 1407 1408 1409 1410 1411 1412 1413 1414 1415 1416 1417 1418
37,7,0.0,30489.243,0.0,48 51 414 415 417 1272 1273 1274 1275 1276 1277 1278 1279 1280 1281 1282 1283 1284 1285 1286 1287 1288 1289 1290 1291 1292 1293 1294 1295 1296 1297 1298 1299 1300 1301 1302 1303 1304 1305 1306 1307 1308 1309 1310 1313 1314 1315 1316 1317 1318 1319 1320 1321 1322 1323 1324 1325 1326 1327 1328 1329 1330 1331 1332 1343 1344 1345 1346 1347
37,8,51854.72992772558,92688.323,0.0,369 375 377 378 406 408 409 881 882 883 884 887 888 889 890 891 892 893 894 895 896 897 898 899 900 901 905 906 907 908 909 910 911 912 913 914 915 916 917 918 919 920 921 992 1002 1003 1004 1005 1007 1008 1009 1010 1012 1013 1014 1024 1026 1028 1029 1032 1035 1036 1038 1039 1041 1042 1044 1045 1046 1047 1048 1049 1050 1051 1052 1053 1054 1055 1056 1057 1058 1059 1060 1061 1062 1063 1064 1065 1066 1067 1068 1069 1070 1071 1072 1073 1074 1075 1076 1077 1078 1079 1080 1081 1082 1083 1084 1085 1086 1087 1088 1091 1092 1093 1098 1106 1107 1108 1109 1110 1111 1112 1113 1114 1115 1116 1117 1118 1119 1120 1121 1122 1123 1124 1125 1126 1127 1128 1129 1130 1131 1132 1133 1134 1135 1136 1137 1138 1139 1140 1141 1142 1143 1144 1145 1146 1147 1148 1149 1150 1151 1152 1153 1154 1155 1156 1157 1158 1159 1160 1161 1162 1163 1164 1165 1166 1167 1168 1169 1170 1171 1172 1173 1174 1175
37,9,55537.616394791665,56472.508,0.0,416 425 426 427 428 435 438 439 442 443 444 445 446 447 448 449 450 451 452 453 454 455 456 457 458 459 460 461 462 463 464 465 466 467 468 469 470 471 1030 1033 1034 1037 1040 1043 1176 1177 1178 1179 1180 1181 1182 1183 1184 1185 1186 1187 1188 1189 1190 1191 1192 1193 1194 1195 1196 1197 1198 1199 1200 1201 1202 1203 1204 1205 1206 1207 1208 1209 1210 1211 1212 1213 1214 1215 1216 1217 1218 1219 1220 1221 1222 1223 1224 1225 1226 1227 1228 1229 1230 1231 1232 1233 1234 1235 1236 1237 1238 1239 1240 1241 1242 1243 1244 1245 1246 1247 1248 1249 1250 1251 1252 1253 1254 1255 1256 1257 1258 1259 1260 1261 1262 1263 1264 1265 1266 1268 1269 1270 1271 1333 1334 1335 1336 1337 1365 1366
38,0,0.0,129651.76100000004,122284.78135765989,109 111 112 121 122 123 124 127 128 130 556 558 559 563 564 565 566 567 568 569 570 571 572 573 574 575 576 577 578 579 580 581 582 583 584 585 586 587 588 589 590 591 592 593 594 595 596 597 598 599 600 601 602 603 604 605 606 607 608 609 610 611 612 613 614 615 616 617 618 619 620 621 622 623 624 625 626 627 628 629 630 631 632 633 634 635 636 637 638 639 640 641 642 643 644 645 646 648 649 651 652 653 654 655 656 657 658 659 660 661 663 664 668 669 671 673 674 675 676 677 678 679 680 681 682 683 684 685 686 687 688 689 690 691 692 706 707 708 709 710 711 712 713 714 715 716 717 718 719 720 721 722 723 724 725 726 727 728 729 730 731 732 733 734 735 736 737 738 739 740 741 742 743 744 745 746 747 748 749 750 751 752 753 754 755 756 757 758 759 760 761 762 763 764 767 770 776 777 787 788 789 790 791 792 793 794 795 796 797 798 799 800 801 802 803 804 805 806 807 808 809 810 811 812 813 814 815 816 818 819 820 821 826 827 828 829 830 831 832 833 834 841
38,1,55537.616394791665,50192.708000000006,0.0,0 1 2 3 4 5 6 7 8 9 10 11 12 13 14 15 16 17 18 19 20 21 22 23 24 25 26 27 28 29 30 31 32 33 34 35 36 37 38 39 40 41 42 43 44 45 46 47 49 50 75 78 418 419 473 474 477 545 546 547 548 549 550 551 552 553 554 555 561 562 939
38,2,0.0,127763.8089999999,87184.95413347725,420 421 422 423 424 429 430 431 432 433 434 436 437 440 441 472 475 476 478 479 480 481 482 483 484 485 486 487 488 489 490 492 493 494 495 496 497 498 499 500 501 502 503 504 505 506 507 508 509 510 511 512 513 514 515 516 517 518 519 520 521 522 524 525 526 527 528 529 530 531 532 533 534 535 536 537 538 539 540 541 542 543 544 557 560 647 650 662 665 666 667 670 672 693 694 695 696 697 698 699 700 701 702 703 704 705 771 772 773 774 775 778 779 780 781 782 783 784 785 786 885 886 922 923 924 925 926 927 928 929 930 931 932 933 934 935 936 937 938 940 941 942 943 944 945 946 947 948 949 950 951 952 953 954 955 956 957 958 959 960 961 962 963 964 965 966 967 968 969 970 971 972 973 974 975 976 977 978 979 980 981 982 983 984 985 986 987 988 989 990 991 993 994 995 996 997 998 999 1000 1001 1006 1011 1015 1016 1017 1018 1019 1020 1021 1022 1023 1025 1027 1031
38,3,55537.616394791665,37458.852000000006,0.0,52 53 54 55 56 57 58 59 60 61 62 63 64 65 66 67 68 69 70 71 72 73 74 76 77 79 80 81 82 83 84 85 86 87 88 89 90 91 92 93 94 95 96 97 98 99 100 101 102 103 104 105 106 107 108 110 113 114 115 116 117 118 131 132 133 134 135 136 218 219 220 221 222 223 224 225 491 523
38,4,0.0,126054.38699999994,39652.79212912402,119 120 125 126 129 137 138 139 140 141 142 143 146 147 148 149 150 151 152 153 154 155 156 157 158 159 160 161 162 163 164 165 166 167 168 169 170 171 172 173 174 175 176 177 178 179 180 181 182 183 184 185 186 187 188 189 190 191 192 193 194 195 196 197 198 199 200 201 202 203 204 205 206 207 208 209 210 211 212 213 214 215 216 217 309 310 311 312 313 314 315 316 317 318 319 320 321 322 323 324 325 326 327 328 329 330 331 332 333 334 335 336 337 338 339 340 341 342 343 344 345 346 347 348 349 350 351 352 353 354 355 356 357 358 359 360 361 362 363 364 365 366 367 368 370 371 372 373 374 376 379 380 381 382 383 391 392 393 394 395 396 397 398 399 401 407 410 411 412 413 765 766 768 769 817 822 823 824 825 835 836 837 838 839 840 842 843 844 845 846 847 848 849 850 851 852 853 854 855 856 857 858 859 860 861 862 863 864 865 866 867 868 869 870 871 872 873 874 875 876 877 878 879 880 902 903 904 1089 1090 1094 1095 1096 1097 1099 1100 1101 1102 1103 1104 1105
38,5,55537.616394791665,39993.04099999999,0.0,144 145 226 227 228 229 230 231 232 233 234 235 236 237 238 239 240 241 242 243 244 245 246 247 248 249 250 251 252 253 254 255 256 257 258 259 260 261 262 263 264 265 266 267 268 269 270 271 272 273 274 275 276 277 278 279 280 281 282 283 284 285 286 287 288 289 290 291 292 293 294 295 296 297 298 299 300 301 302 303 304 305 306 307 308 384 385 386 387 388 389 390 400 402 403 404 405
38,6,55537.616394791665,19432.431999999997,0.0,1267 1311 1312 1338 1339 1340 1341 1342 1348 1349 1350 1351 1352 1353 1354 1355 1356 1357 1358 1359 1360 1361 1362 1363 1364 1367 1368 1369 1370 1371 1372 1373 1374 1375 1376 1377 1378 1379 1380 1381 1382 1383 1384 1385 1386 1387 1388 1389 1390 1391 1392 1393 1394 1395 1396 1397 1398 1399 1400 1401 1402 1403 1404 1405 1406 1407 1408 1409 1410 1411 1412 1413 1414 1415 1416 1417 1418
38,7,55537.616394791665,30585.84200000001,0.0,48 51 414 415 417 1272 1273 1274 1275 1276 1277 1278 1279 1280 1281 1282 1283 1284 1285 1286 1287 1288 1289 1290 1291 1292 1293 1294 1295 1296 1297 1298 1299 1300 1301 1302 1303 1304 1305 1306 1307 1308 1309 1310 1313 1314 1315 1316 1317 1318 1319 1320 1321 1322 1323 1324 1325 1326 1327 1328 1329 1330 1331 1332 1343 1344 1345 1346 1347
38,8,55537.616394791665,87810.31099999997,0.0,369 375 377 378 406 408 409 881 882 883 884 887 888 889 890 891 892 893 894 895 896 897 898 899 900 901 905 906 907 908 909 910 911 912 913 914 915 916 917 918 919 920 921 992 1002 1003 1004 1005 1007 1008 1009 1010 1012 1013 1014 1024 1026 1028 1029 1032 1035 1036 1038 1039 1041 1042 1044 1045 1046 1047 1048 1049 1050 1051 1052 1053 1054 1055 1056 1057 1058 1059 1060 1061 1062 1063 1064 1065 1066 1067 1068 1069 1070 1071 1072 1073 1074 1075 1076 1077 1078 1079 1080 1081 1082 1083 1084 1085 1086 1087 1088 1091 1092 1093 1098 1106 1107 1108 1109 1110 1111 1112 1113 1114 1115 1116 1117 1118 1119 1120 1121 1122 1123 1124 1125 1126 1127 1128 1129 1130 1131 1132 1133 1134 1135 1136 1137 1138 1139 1140 1141 1142 1143 1144 1145 1146 1147 1148 1149 1150 1151 1152 1153 1154 1155 1156 1157 1158 1159 1160 1161 1162 1163 1164 1165 1166 1167 1168 1169 1170 1171 1172 1173 1174 1175
38,9,55537.616394791665,57113.899000000005,0.0,416 425 426 427 428 435 438 439 442 443 444 445 446 447 448 449 450 451 452 453 454 455 456 457 458 459 460 461 462 463 464 465 466 467 468 469 470 471 1030 1033 1034 1037 1040 1043 1176 1177 1178 1179 1180 1181 1182 1183 1184 1185 1186 1187 1188 1189 1190 1191 1192 1193 1194 1195 1196 1197 1198 1199 1200 1201 1202 1203 1204 1205 1206 1207 1208 1209 1210 1211 1212 1213 1214 1215 1216 1217 1218 1219 1220 1221 1222 1223 1224 1225 1226 1227 1228 1229 1230 1231 1232 1233 1234 1235 1236 1237 1238 1239 1240 1241 1242 1243 1244 1245 1246 1247 1248 1249 1250 1251 1252 1253 1254 1255 1256 1257 1258 1259 1260 1261 1262 1263 1264 1265 1266 1268 1269 1270 1271 1333 1334 1335 1336 1337 1365 1366
39,0,0.0,129951.21400000002,122584.23435765987,109 111 112 121 122 124 127 556 558 559 560 562 563 564 565 566 567 568 569 570 571 572 573 574 575 576 577 578 579 580 581 582 583 584 585 586 587 588 589 590 591 592 593 594 595 596 597 598 599 600 601 602 603 604 605 606 607 608 609 610 611 612 613 614 615 616 617 618 619 620 621 622 623 624 625 626 627 628 629 630 631 632 633 634 635 636 637 638 639 640 641 642 643 644 645 646 648 649 650 651 652 653 654 655 656 657 658 659 660 661 663 668 669 671 672 673 674 675 676 677 678 679 680 681 682 683 684 685 686 687 688 689 690 692 706 707 708 709 710 711 712 713 714 715 716 717 718 719 720 721 722 723 724 725 726 727 728 729 730 731 732 733 734 735 736 737 738 739 740 741 742 743 744 745 746 747 748 749 750 751 752 753 754 755 756 757 758 759 760 761 762 763 764 767 768 776 777 787 788 789 790 791 792 793 794 795 796 797 798 799 800 801 802 803 804 805 806 807 808 809 810 811 812 813 814 815 818 819 820 821 826 827 828 829 830 831 832 833 834
39,1,55537.616394791665,51569.184,0.0,0 1 2 3 4 5 6 7 8 9 10 11 12 13 14 15 16 17 18 19 20 21 22 23 24 25 26 27 28 29 30 31 32 33 34 35 36 37 38 39 40 41 42 43 44 45 46 47 49 50 75 78 418 419 472 473 474 545 546 547 548 549 550 551 552 553 554 555 561 986
39,2,0.0,127765.495,87186.64013347734,420 421 422 423 424 429 430 431 432 433 434 435 436 440 441 475 476 477 478 479 480 481 482 483 484 485 486 487 488 489 490 491 492 493 494 495 496 497 498 499 500 501 502 503 504 505 506 507 508 509 510 511 512 513 514 515 516 517 518 519 520 521 522 523 524 525 526 527 528 529 530 531 532 533 534 535 536 537 538 539 540 541 542 543 544 557 647 662 664 665 666 667 670 691 693 694 695 696 697 698 699 700 701 702 703 704 705 771 772 773 774 775 778 779 780 781 783 784 786 836 885 886 922 923 924 925 926 927 928 929 930 931 932 933 934 935 936 937 938 939 940 941 942 943 944 945 946 947 948 949 950 951 952 953 954 955 956 957 958 959 960 961 962 963 964 965 966 967 968 969 970 971 972 973 974 975 976 977 978 979 980 981 982 983 984 985 987 988 989 990 991 992 993 994 995 996 997 998 999 1000 1015 1016 1017 1018 1019 1020 1021 1022 1023 1024 1025
39,3,55537.616394791665,37371.535,0.0,52 53 54 55 56 57 58 59 60 61 62 63 64 65 66 67 68 69 70 71 72 73 74 76 77 79 80 81 82 83 84 85 86 87 88 89 90 91 92 93 94 95 96 97 98 99 100 101 102 103 104 105 106 107 108 110 113 114 115 116 117 118 131 132 133 134 135 136 218 219 220 221 222 223 224 225
39,4,0.0,129445.08700000003,43043.49212912412,119 120 123 125 126 128 129 130 137 138 139 140 141 142 143 146 147 148 149 150 151 152 153 154 155 156 157 158 159 160 161 162 163 164 165 166 167 168 169 170 171 172 173 174 175 176 177 178 179 180 181 182 183 184 185 186 187 188 189 190 191 192 193 194 195 196 197 198 199 200 201 202 203 204 205 206 207 208 209 210 211 212 213 214 215 216 217 309 310 311 312 313 314 315 316 317 318 319 320 321 322 323 324 325 326 327 328 329 330 331 332 333 334 335 336 337 338 339 340 341 342 343 344 345 346 347 348 349 350 351 352 353 354 355 356 357 358 359 360 361 362 363 364 365 366 367 368 370 371 372 373 374 376 379 380 381 382 383 391 392 393 394 395 396 397 398 399 401 407 410 411 412 413 765 766 816 817 822 823 824 825 835 837 838 839 840 841 842 843 844 845 846 847 848 849 850 851 852 853 854 855 856 857 858 859 860 861 862 863 864 865 866 867 868 869 870 871 872 873 874 875 876 877 878 879 880 902 903 904 1089 1090 1094 1095 1096 1097 1099 1100 1101 1102 1103 1104 1105
39,5,55537.616394791665,41823.43900000001,0.0,144 145 226 227 228 229 230 231 232 233 234 235 236 237 238 239 240 241 242 243 244 245 246 247 248 249 250 251 252 253 254 255 256 257 258 259 260 261 262 263 264 265 266 267 268 269 270 271 272 273 274 275 276 277 278 279 280 281 282 283 284 285 286 287 288 289 290 291 292 293 294 295 296 297 298 299 300 301 302 303 304 305 306 307 308 384 385 386 387 388 389 390 400 402 403 404 405
39,6,55537.616394791665,18716.032,0.0,1267 1311 1312 1338 1339 1340 1341 1342 1348 1349 1350 1351 1352 1353 1354 1355 1356 1357 1358 1359 1360 1361 1362 1363 1364 1367 1368 1369 1370 1371 1372 1373 1374 1375 1376 1377 1378 1379 1380 1381 1382 1383 1384 1385 1386 1387 1388 1389 1390 1391 1392 1393 1394 1395 1396 1397 1398 1399 1400 1401 1402 1403 1404 1405 1406 1407 1408 1409 1410 1411 1412 1413 1414 1415 1416 1417 1418
39,7,55537.616394791665,35144.655,0.0,48 51 414 415 417 1272 1273 1274 1275 1276 1277 1278 1279 1280 1281 1282 1283 1284 1285 1286 1287 1288 1289 1290 1291 1292 1293 1294 1295 1296 1297 1298 1299 1300 1301 1302 1303 1304 1305 1306 1307 1308 1309 1310 1313 1314 1315 1316 1317 1318 1319 1320 1321 1322 1323 1324 1325 1326 1327 1328 1329 1330 1331 1332 1343 1344 1345 1346 1347
39,8,55537.616394791665,89907.86200000001,0.0,369 375 377 378 406 408 409 769 770 782 785 881 882 883 884 887 888 889 890 891 892 893 894 895 896 897 898 899 900 901 905 906 907 908 909 910 911 912 913 914 915 916 917 918 919 920 921 1001 1002 1003 1004 1005 1006 1007 1008 1009 1010 1011 1012 1013 1014 1026 1027 1028 1029 1032 1035 1036 1038 1039 1041 1042 1044 1045 1046 1047 1048 1049 1050 1051 1052 1053 1054 1055 1056 1057 1058 1059 1060 1061 1062 1063 1064 1065 1066 1067 1068 1069 1070 1071 1072 1073 1074 1075 1076 1077 1078 1079 1080 1081 1082 1083 1084 1085 1086 1087 1088 1091 1092 1093 1098 1106 1107 1108 1109 1110 1111 1112 1113 1114 1115 1116 1117 1118 1119 1120 1121 1122 1123 1124 1125 1126 1127 1128 1129 1130 1131 1132 1133 1134 1135 1136 1137 1138 1139 1140 1141 1142 1143 1144 1145 1146 1147 1148 1149 1150 1151 1152 1153 1154 1155 1156 1157 1158 1159 1160 1161 1162 1163 1164 1165 1166 1167 1168 1169 1170 1171 1172 1173 1174 1175
39,9,55537.616394791665,58830.74100000001,0.0,416 425 426 427 428 437 438 439 442 443 444 445 446 447 448 449 450 451 452 453 454 455 456 457 458 459 460 461 462 463 464 465 466 467 468 469 470 471 1030 1031 1033 1034 1037 1040 1043 1176 1177 1178 1179 1180 1181 1182 1183 1184 1185 1186 1187 1188 1189 1190 1191 1192 1193 1194 1195 1196 1197 1198 1199 1200 1201 1202 1203 1204 1205 1206 1207 1208 1209 1210 1211 1212 1213 1214 1215 1216 1217 1218 1219 1220 1221 1222 1223 1224 1225 1226 1227 1228 1229 1230 1231 1232 1233 1234 1235 1236 1237 1238 1239 1240 1241 1242 1243 1244 1245 1246 1247 1248 1249 1250 1251 1252 1253 1254 1255 1256 1257 1258 1259 1260 1261 1262 1263 1264 1265 1266 1268 1269 1270 1271 1333 1334 1335 1336 1337 1365 1366
40,0,0.0,129280.356,123617.52077383577,109 111 112 121 122 124 127 556 558 559 560 562 563 564 565 566 567 568 569 570 571 572 573 574 575 576 577 578 579 580 581 582 583 584 585 586 587 588 589 590 591 592 593 594 595 596 597 598 599 600 601 602 603 604 605 606 607 608 609 610 611 612 613 614 615 616 617 618 619 620 621 622 623 624 625 626 627 628 629 630 631 632 633 634 635 636 637 638 639 640 641 642 643 644 645 646 648 649 650 651 652 653 654 655 656 657 658 659 660 661 663 668 669 671 672 673 674 675 676 677 678 679 680 681 682 683 684 685 686 687 688 689 690 692 706 707 708 709 710 711 712 713 714 715 716 717 718 719 720 721 722 723 724 725 726 727 728 729 730 731 732 733 734 735 736 737 738 739 740 741 742 743 744 745 746 747 748 749 750 751 752 753 754 755 756 757 758 759 760 761 762 763 764 767 768 776 777 787 788 789 790 791 792 793 794 795 796 797 798 799 800 801 802 803 804 805 806 807 808 809 810 811 812 813 814 815 818 819 820 821 826 827 828 829 830 831 832 833 834
40,1,35697.886343876744,48907.30800000002,0.0,0 1 2 3 4 5 6 7 8 9 10 11 12 13 14 15 16 17 18 19 20 21 22 23 24 25 26 27 28 29 30 31 32 33 34 35 36 37 38 39 40 41 42 43 44 45 46 47 49 50 75 78 418 419 472 473 474 545 546 547 548 549 550 551 552 553 554 555 561 986
40,2,0.0,128227.02800000008,97011.08322543652,420 421 422 423 424 429 430 431 432 433 434 435 436 440 441 475 476 477 478 479 480 481 482 483 484 485 486 487 488 489 490 491 492 493 494 495 496 497 498 499 500 501 502 503 504 505 506 507 508 509 510 511 512 513 514 515 516 517 518 519 520 521 522 523 524 525 526 527 528 529 530 531 532 533 534 535 536 537 538 539 540 541 542 543 544 557 647 662 664 665 666 667 670 691 693 694 695 696 697 698 699 700 701 702 703 704 705 771 772 773 774 775 778 779 780 781 783 784 786 836 885 886 922 923 924 925 926 927 928 929 930 931 932 933 934 935 936 937 938 939 940 941 942 943 944 945 946 947 948 949 950 951 952 953 954 955 956 957 958 959 960 961 962 963 964 965 966 967 968 969 970 971 972 973 974 975 976 977 978 979 980 981 982 983 984 985 987 988 989 990 991 992 993 994 995 996 997 998 999 1000 1015 1016 1017 1018 1019 1020 1021 1022 1023 1024 1025
40,3,55537.616394791665,34483.953,0.0,52 53 54 55 56 57 58 59 60 61 62 63 64 65 66 67 68 69 70 71 72 73 74 76 77 79 80 81 82 83 84 85 86 87 88 89 90 91 92 93 94 95 96 97 98 99 100 101 102 103 104 105 106 107 108 110 113 114 115 116 117 118 131 132 133 134 135 136 218 219 220 221 222 223 224 225
40,4,0.0,129523.03500000008,66452.38053205272,119 120 123 125 126 128 129 130 137 138 139 140 141 142 143 146 147 148 149 150 151 152 153 154 155 156 157 158 159 160 161 162 163 164 165 166 167 168 169 170 171 172 173 174 175 176 177 178 179 180 181 182 183 184 185 186 187 188 189 190 191 192 193 194 195 196 197 198 199 200 201 202 203 204 205 206 207 208 209 210 211 212 213 214 215 216 217 309 310 311 312 313 314 315 316 317 318 319 320 321 322 323 324 325 326 327 328 329 330 331 332 333 334 335 336 337 338 339 340 341 342 343 344 345 346 347 348 349 350 351 352 353 354 355 356 357 358 359 360 361 362 363 364 365 366 367 368 370 371 372 373 374 376 379 380 381 382 383 391 392 393 394 395 396 397 398 399 401 407 410 411 412 413 765 766 816 817 822 823 824 825 835 837 838 839 840 841 842 843 844 845 846 847 848 849 850 851 852 853 854 855 856 857 858 859 860 861 862 863 864 865 866 867 868 869 870 871 872 873 874 875 876 877 878 879 880 902 903 904 1089 1090 1094 1095 1096 1097 1099 1100 1101 1102 1103 1104 1105
40,5,55537.616394791665,39557.626,0.0,144 145 226 227 228 229 230 231 232 233 234 235 236 237 238 239 240 241 242 243 244 245 246 247 248 249 250 251 252 253 254 255 256 257 258 259 260 261 262 263 264 265 266 267 268 269 270 271 272 273 274 275 276 277 278 279 280 281 282 283 284 285 286 287 288 289 290 291 292 293 294 295 296 297 298 299 300 301 302 303 304 305 306 307 308 384 385 386 387 388 389 390 400 402 403 404 405
40,6,55537.616394791665,19481.991,0.0,1267 1311 1312 1338 1339 1340 1341 1342 1348 1349 1350 1351 1352 1353 1354 1355 1356 1357 1358 1359 1360 1361 1362 1363 1364 1367 1368 1369 1370 1371 1372 1373 1374 1375 1376 1377 1378 1379 1380 1381 1382 1383 1384 1385 1386 1387 1388 1389 1390 1391 1392 1393 1394 1395 1396 1397 1398 1399 1400 1401 1402 1403 1404 1405 1406 1407 1408 1409 1410 1411 1412 1413 1414 1415 1416 1417 1418
40,7,55537.616394791665,33633.49100000001,0.0,48 51 414 415 417 1272 1273 1274 1275 1276 1277 1278 1279 1280 1281 1282 1283 1284 1285 1286 1287 1288 1289 1290 1291 1292 1293 1294 1295 1296 1297 1298 1299 1300 1301 1302 1303 1304 1305 1306 1307 1308 1309 1310 1313 1314 1315 1316 1317 1318 1319 1320 1321 1322 1323 1324 1325 1326 1327 1328 1329 1330 1331 1332 1343 1344 1345 1346 1347
40,8,34225.939934311384,88485.94499999999,0.0,369 375 377 378 406 408 409 769 770 782 785 881 882 883 884 887 888 889 890 891 892 893 894 895 896 897 898 899 900 901 905 906 907 908 909 910 911 912 913 914 915 916 917 918 919 920 921 1001 1002 1003 1004 1005 1006 1007 1008 1009 1010 1011 1012 1013 1014 1026 1027 1028 1029 1032 1035 1036 1038 1039 1041 1042 1044 1045 1046 1047 1048 1049 1050 1051 1052 1053 1054 1055 1056 1057 1058 1059 1060 1061 1062 1063 1064 1065 1066 1067 1068 1069 1070 1071 1072 1073 1074 1075 1076 1077 1078 1079 1080 1081 1082 1083 1084 1085 1086 1087 1088 1091 1092 1093 1098 1106 1107 1108 1109 1110 1111 1112 1113 1114 1115 1116 1117 1118 1119 1120 1121 1122 1123 1124 1125 1126 1127 1128 1129 1130 1131 1132 1133 1134 1135 1136 1137 1138 1139 1140 1141 1142 1143 1144 1145 1146 1147 1148 1149 1150 1151 1152 1153 1154 1155 1156 1157 1158 1159 1160 1161 1162 1163 1164 1165 1166 1167 1168 1169 1170 1171 1172 1173 1174 1175
40,9,27082.351230921486,59269.553000000014,0.0,416 425 426 427 428 437 438 439 442 443 444 445 446 447 448 449 450 451 452 453 454 455 456 457 458 459 460 461 462 463 464 465 466 467 468 469 470 471 1030 1031 1033 1034 1037 1040 1043 1176 1177 1178 1179 1180 1181 1182 1183 1184 1185 1186 1187 1188 1189 1190 1191 1192 1193 1194 1195 1196 1197 1198 1199 1200 1201 1202 1203 1204 1205 1206 1207 1208 1209 1210 1211 1212 1213 1214 1215 1216 1217 1218 1219 1220 1221 1222 1223 1224 1225 1226 1227 1228 1229 1230 1231 1232 1233 1234 1235 1236 1237 1238 1239 1240 1241 1242 1243 1244 1245 1246 1247 1248 1249 1250 1251 1252 1253 1254 1255 1256 1257 1258 1259 1260 1261 1262 1263 1264 1265 1266 1268 1269 1270 1271 1333 1334 1335 1336 1337 1365 1366
41,0,6.366462912410498e-12,129866.29900000001,124203.4637738358,109 111 112 121 122 124 127 556 558 559 560 562 563 564 565 566 567 568 569 570 571 572 573 574 575 576 577 578 579 580 581 582 583 584 585 586 587 588 589 590 591 592 593 594 595 596 597 598 599 600 601 602 603 604 605 606 607 608 609 610 611 612 613 614 615 616 617 618 619 620 621 622 623 624 625 626 627 628 629 630 631 632 633 634 635 636 637 638 639 640 641 642 643 644 645 646 648 649 650 651 652 653 654 655 656 657 658 659 660 661 663 668 669 671 672 673 674 675 676 677 678 679 680 681 682 683 684 685 686 687 688 689 690 692 706 707 708 709 710 711 712 713 714 715 716 717 718 719 720 721 722 723 724 725 726 727 728 729 730 731 732 733 734 735 736 737 738 739 740 741 742 743 744 745 746 747 748 749 750 751 752 753 754 755 756 757 758 759 760 761 762 763 764 767 768 776 777 787 788 789 790 791 792 793 794 795 796 797 798 799 800 801 802 803 804 805 806 807 808 809 810 811 812 813 814 815 818 819 820 821 826 827 828 829 830 831 832 833 834
41,1,55537.616394791665,49307.706000000006,0.0,0 1 2 3 4 5 6 7 8 9 10 11 12 13 14 15 16 17 18 19 20 21 22 23 24 25 26 27 28 29 30 31 32 33 34 35 36 37 38 39 40 41 42 43 44 45 46 47 49 50 75 78 418 419 472 473 474 545 546 547 548 549 550 551 552 553 554 555 561 986
41,2,3.637978807091713e-12,129997.2559999999,98781.31122543635,420 421 422 423 424 429 430 431 432 433 434 435 436 440 441 475 476 477 478 479 480 481 482 483 484 485 486 487 488 489 490 491 492 493 494 495 496 497 498 499 500 501 502 503 504 505 506 507 508 509 510 511 512 513 514 515 516 517 518 519 520 521 522 523 524 525 526 527 528 529 530 531 532 533 534 535 536 537 538 539 540 541 542 543 544 557 647 662 664 665 666 667 670 691 693 694 695 696 697 698 699 700 701 702 703 704 705 771 772 773 774 775 778 779 780 781 783 784 786 836 885 886 922 923 924 925 926 927 928 929 930 931 932 933 934 935 936 937 938 939 940 941 942 943 944 945 946 947 948 949 950 951 952 953 954 955 956 957 958 959 960 961 962 963 964 965 966 967 968 969 970 971 972 973 974 975 976 977 978 979 980 981 982 983 984 985 987 988 989 990 991 992 993 994 995 996 997 998 999 1000 1015 1016 1017 1018 1019 1020 1021 1022 1023 1024 1025
41,3,55537.616394791665,36021.657,0.0,52 53 54 55 56 57 58 59 60 61 62 63 64 65 66 67 68 69 70 71 72 73 74 76 77 79 80 81 82 83 84 85 86 87 88 89 90 91 92 93 94 95 96 97 98 99 100 101 102 103 104 105 106 107 108 110 113 114 115 116 117 118 131 132 133 134 135 136 218 219 220 221 222 223 224 225
41,4,0.0,128650.21500000003,65579.56053205267,119 120 123 125 126 128 129 130 137 138 139 140 141 142 143 146 147 148 149 150 151 152 153 154 155 156 157 158 159 160 161 162 163 164 165 166 167 168 169 170 171 172 173 174 175 176 177 178 179 180 181 182 183 184 185 186 187 188 189 190 191 192 193 194 195 196 197 198 199 200 201 202 203 204 205 206 207 208 209 210 211 212 213 214 215 216 217 309 310 311 312 313 314 315 316 317 318 319 320 321 322 323 324 325 326 327 328 329 330 331 332 333 334 335 336 337 338 339 340 341 342 343 344 345 346 347 348 349 350 351 352 353 354 355 356 357 358 359 360 361 362 363 364 365 366 367 368 370 371 372 373 374 376 379 380 381 382 383 391 392 393 394 395 396 397 398 399 401 407 410 411 412 413 765 766 816 817 822 823 824 825 835 837 838 839 840 841 842 843 844 845 846 847 848 849 850 851 852 853 854 855 856 857 858 859 860 861 862 863 864 865 866 867 868 869 870 871 872 873 874 875 876 877 878 879 880 902 903 904 1089 1090 1094 1095 1096 1097 1099 1100 1101 1102 1103 1104 1105
41,5,55537.616394791665,38355.614,0.0,144 145 226 227 228 229 230 231 232 233 234 235 236 237 238 239 240 241 242 243 244 245 246 247 248 249 250 251 252 253 254 255 256 257 258 259 260 261 262 263 264 265 266 267 268 269 270 271 272 273 274 275 276 277 278 279 280 281 282 283 284 285 286 287 288 289 290 291 292 293 294 295 296 297 298 299 300 301 302 303 304 305 306 307 308 384 385 386 387 388 389 390 400 402 403 404 405
41,6,55537.616394791665,19238.622,0.0,1267 1311 1312 1338 1339 1340 1341 1342 1348 1349 1350 1351 1352 1353 1354 1355 1356 1357 1358 1359 1360 1361 1362 1363 1364 1367 1368 1369 1370 1371 1372 1373 1374 1375 1376 1377 1378 1379 1380 1381 1382 1383 1384 1385 1386 1387 1388 1389 1390 1391 1392 1393 1394 1395 1396 1397 1398 1399 1400 1401 1402 1403 1404 1405 1406 1407 1408 1409 1410 1411 1412 1413 1414 1415 1416 1417 1418
41,7,55537.616394791665,31889.20799999999,0.0,48 51 414 415 417 1272 1273 1274 1275 1276 1277 1278 1279 1280 1281 1282 1283 1284 1285 1286 1287 1288 1289 1290 1291 1292 1293 1294 1295 1296 1297 1298 1299 1300 1301 1302 1303 1304 1305 1306 1307 1308 1309 1310 1313 1314 1315 1316 1317 1318 1319 1320 1321 1322 1323 1324 1325 1326 1327 1328 1329 1330 1331 1332 1343 1344 1345 1346 1347
41,8,11575.269473831104,89824.939,0.0,369 375 377 378 406 408 409 769 770 782 785 881 882 883 884 887 888 889 890 891 892 893 894 895 896 897 898 899 900 901 905 906 907 908 909 910 911 912 913 914 915 916 917 918 919 920 921 1001 1002 1003 1004 1005 1006 1007 1008 1009 1010 1011 1012 1013 1014 1026 1027 1028 1029 1032 1035 1036 1038 1039 1041 1042 1044 1045 1046 1047 1048 1049 1050 1051 1052 1053 1054 1055 1056 1057 1058 1059 1060 1061 1062 1063 1064 1065 1066 1067 1068 1069 1070 1071 1072 1073 1074 1075 1076 1077 1078 1079 1080 1081 1082 1083 1084 1085 1086 1087 1088 1091 1092 1093 1098 1106 1107 1108 1109 1110 1111 1112 1113 1114 1115 1116 1117 1118 1119 1120 1121 1122 1123 1124 1125 1126 1127 1128 1129 1130 1131 1132 1133 1134 1135 1136 1137 1138 1139 1140 1141 1142 1143 1144 1145 1146 1147 1148 1149 1150 1151 1152 1153 1154 1155 1156 1157 1158 1159 1160 1161 1162 1163 1164 1165 1166 1167 1168 1169 1170 1171 1172 1173 1174 1175
41,9,55537.616394791665,59123.51600000001,0.0,416 425 426 427 428 437 438 439 442 443 444 445 446 447 448 449 450 451 452 453 454 455 456 457 458 459 460 461 462 463 464 465 466 467 468 469 470 471 1030 1031 1033 1034 1037 1040 1043 1176 1177 1178 1179 1180 1181 1182 1183 1184 1185 1186 1187 1188 1189 1190 1191 1192 1193 1194 1195 1196 1197 1198 1199 1200 1201 1202 1203 1204 1205 1206 1207 1208 1209 1210 1211 1212 1213 1214 1215 1216 1217 1218 1219 1220 1221 1222 1223 1224 1225 1226 1227 1228 1229 1230 1231 1232 1233 1234 1235 1236 1237 1238 1239 1240 1241 1242 1243 1244 1245 1246 1247 1248 1249 1250 1251 1252 1253 1254 1255 1256 1257 1258 1259 1260 1261 1262 1263 1264 1265 1266 1268 1269 1270 1271 1333 1334 1335 1336 1337 1365 1366
42,0,0.0,126307.19700000004,120644.36177383582,109 111 112 121 122 123 124 125 127 129 130 554 556 557 558 559 560 561 563 564 565 566 567 568 569 570 571 572 573 574 575 576 577 578 579 580 581 582 583 584 585 586 587 588 589 590 591 592 593 594 595 596 597 598 599 600 601 602 603 604 605 606 607 608 609 610 611 612 613 614 615 616 617 618 619 620 621 622 623 624 625 626 627 628 629 630 631 632 633 634 635 636 637 638 639 640 641 642 643 644 645 646 647 648 649 651 652 653 654 655 656 657 658 659 660 661 663 664 668 669 673 674 675 676 677 678 679 680 681 682 683 684 685 686 687 688 690 691 706 707 708 709 710 711 712 713 714 715 716 717 718 719 720 721 722 723 724 725 726 727 728 729 730 731 732 733 734 735 736 737 738 739 740 741 742 743 744 745 746 747 748 749 750 751 752 753 754 755 756 757 758 759 760 761 762 763 764 767 775 776 780 787 788 789 790 791 792 793 794 795 796 797 798 799 800 801 802 803 804 805 806 807 808 809 810 811 812 813 814 815 818 819 821 826 827 829 830 832 833 834 835 836 841 842 843
42,1,30514.323343875847,47974.826,0.0,0 1 2 3 4 5 6 7 8 9 10 11 12 13 14 15 16 17 18 19 20 21 22 23 24 25 26 27 28 29 30 31 32 33 34 35 36 37 38 39 40 41 42 43 44 45 46 47 49 50 75 78 418 419 472 473 474 475 476 545 546 547 548 549 550 551 552 553 555 562
42,2,0.0,128469.95000000003,97254.00522543647,420 421 422 423 424 429 430 431 432 433 434 436 441 477 478 479 480 481 482 483 484 485 486 487 488 489 490 492 493 494 495 496 497 498 499 500 501 502 503 504 505 506 507 508 509 510 511 512 513 514 515 516 517 518 519 520 521 522 523 524 525 526 527 528 529 530 531 532 533 534 535 536 537 538 539 540 541 542 543 544 650 662 665 666 667 670 671 672 689 692 693 694 695 696 697 698 699 700 701 702 703 704 705 771 772 773 774 777 778 779 781 782 783 784 785 786 922 923 924 925 926 927 928 929 930 931 932 933 934 935 936 937 938 939 940 941 942 943 944 945 946 947 948 949 950 951 952 953 954 955 956 957 958 959 960 961 962 963 964 965 966 967 968 969 970 971 972 973 974 975 976 977 978 979 980 981 982 983 984 985 986 987 988 989 990 991 992 993 994 995 997 998 999 1006 1015 1016 1017 1018 1019 1020 1021 1022 1023 1024 1025 1026
42,3,55537.616394791665,34517.121,0.0,52 53 54 55 56 57 58 59 60 61 62 63 64 65 66 67 68 69 70 71 72 73 74 76 77 79 80 81 82 83 84 85 86 87 88 89 90 91 92 93 94 95 96 97 98 99 100 101 102 103 104 105 106 107 108 110 113 114 115 116 117 118 131 132 133 134 135 136 218 219 220 221 222 223 224 225 491
42,4,0.0,122122.34900000005,59051.69453205269,119 120 126 128 137 138 139 140 141 142 143 146 147 148 149 150 151 152 153 154 155 156 157 158 159 160 161 162 163 164 165 166 167 168 169 170 171 172 173 174 175 176 177 178 179 180 181 182 183 184 185 186 187 188 189 190 191 192 193 194 195 196 197 198 199 200 201 202 203 204 205 206 207 208 209 210 211 212 213 214 215 216 217 309 310 311 312 313 314 315 316 317 318 319 320 321 322 323 324 325 326 327 328 329 330 331 332 333 334 335 336 337 338 339 340 341 342 343 344 345 346 347 348 349 350 351 352 353 354 355 356 357 358 359 360 361 362 363 364 365 366 367 368 370 371 372 373 374 376 379 380 381 382 383 391 392 393 394 395 396 397 398 399 401 407 410 411 412 413 765 766 768 816 817 820 822 823 824 825 828 831 837 838 839 840 844 845 846 847 848 849 850 851 852 853 854 855 856 857 858 859 860 861 862 863 864 865 866 867 868 869 870 871 873 874 875 876 877 878 879 902 903 904 1089 1094 1095 1096 1097 1099 1100 1101 1102 1104 1105
42,5,55537.616394791665,38095.294,0.0,144 145 226 227 228 229 230 231 232 233 234 235 236 237 238 239 240 241 242 243 244 245 246 247 248 249 250 251 252 253 254 255 256 257 258 259 260 261 262 263 264 265 266 267 268 269 270 271 272 273 274 275 276 277 278 279 280 281 282 283 284 285 286 287 288 289 290 291 292 293 294 295 296 297 298 299 300 301 302 303 304 305 306 307 308 384 385 386 387 388 389 390 400 402 403 404 405
42,6,55537.616394791665,18076.697000000007,0.0,1267 1311 1312 1338 1339 1340 1341 1342 1348 1349 1350 1351 1352 1353 1354 1355 1356 1357 1358 1359 1360 1361 1362 1363 1364 1367 1368 1369 1370 1371 1372 1373 1374 1375 1376 1377 1378 1379 1380 1381 1382 1383 1384 1385 1386 1387 1388 1389 1390 1391 1392 1393 1394 1395 1396 1397 1398 1399 1400 1401 1402 1403 1404 1405 1406 1407 1408 1409 1410 1411 1412 1413 1414 1415 1416 1417 1418
42,7,55537.616394791665,30335.556000000004,0.0,48 51 414 415 417 1272 1273 1274 1275 1276 1277 1278 1279 1280 1281 1282 1283 1284 1285 1286 1287 1288 1289 1290 1291 1292 1293 1294 1295 1296 1297 1298 1299 1300 1301 1302 1303 1304 1305 1306 1307 1308 1309 1310 1313 1314 1315 1316 1317 1318 1319 1320 1321 1322 1323 1324 1325 1326 1327 1328 1329 1330 1331 1332 1343 1344 1345 1346 1347
42,8,55537.616394791665,93450.97100000003,70239.04938144087,369 375 377 378 406 408 409 769 770 872 880 881 882 883 884 885 886 887 888 889 890 891 892 893 894 895 896 897 898 899 900 901 905 906 907 908 909 910 911 912 913 914 915 916 917 918 919 920 921 996 1000 1001 1002 1003 1004 1005 1007 1008 1009 1010 1011 1012 1013 1014 1027 1028 1029 1032 1035 1036 1038 1039 1041 1042 1044 1045 1046 1047 1048 1049 1050 1051 1052 1053 1054 1055 1056 1057 1058 1059 1060 1061 1062 1063 1064 1065 1066 1067 1068 1069 1070 1071 1072 1073 1074 1075 1076 1077 1078 1079 1080 1081 1082 1083 1084 1085 1086 1087 1088 1090 1091 1092 1093 1098 1103 1106 1107 1108 1109 1110 1111 1112 1113 1114 1115 1116 1117 1118 1119 1120 1121 1122 1123 1124 1125 1126 1127 1128 1129 1130 1131 1132 1133 1134 1135 1136 1137 1138 1139 1140 1141 1142 1143 1144 1145 1146 1147 1148 1149 1150 1151 1152 1153 1154 1155 1156 1157 1158 1159 1160 1161 1162 1163 1164 1165 1166 1167 1168 1169 1170 1171 1172 1173 1174 1175
42,9,27082.351230921486,61213.739,0.0,416 425 426 427 428 435 437 438 439 440 442 443 444 445 446 447 448 449 450 451 452 453 454 455 456 457 458 459 460 461 462 463 464 465 466 467 468 469 470 471 1030 1031 1033 1034 1037 1040 1043 1176 1177 1178 1179 1180 1181 1182 1183 1184 1185 1186 1187 1188 1189 1190 1191 1192 1193 1194 1195 1196 1197 1198 1199 1200 1201 1202 1203 1204 1205 1206 1207 1208 1209 1210 1211 1212 1213 1214 1215 1216 1217 1218 1219 1220 1221 1222 1223 1224 1225 1226 1227 1228 1229 1230 1231 1232 1233 1234 1235 1236 1237 1238 1239 1240 1241 1242 1243 1244 1245 1246 1247 1248 1249 1250 1251 1252 1253 1254 1255 1256 1257 1258 1259 1260 1261 1262 1263 1264 1265 1266 1268 1269 1270 1271 1333 1334 1335 1336 1337 1365 1366
43,0,0.0,128805.861,123143.02577383579,109 111 112 121 122 123 124 125 127 129 130 554 556 557 558 559 560 561 563 564 565 566 567 568 569 570 571 572 573 574 575 576 577 578 579 580 581 582 583 584 585 586 587 588 589 590 591 592 593 594 595 596 597 598 599 600 601 602 603 604 605 606 607 608 609 610 611 612 613 614 615 616 617 618 619 620 621 622 623 624 625 626 627 628 629 630 631 632 633 634 635 636 637 638 639 640 641 642 643 644 645 646 647 648 649 651 652 653 654 655 656 657 658 659 660 661 663 664 668 669 673 674 675 676 677 678 679 680 681 682 683 684 685 686 687 688 690 691 706 707 708 709 710 711 712 713 714 715 716 717 718 719 720 721 722 723 724 725 726 727 728 729 730 731 732 733 734 735 736 737 738 739 740 741 742 743 744 745 746 747 748 749 750 751 752 753 754 755 756 757 758 759 760 761 762 763 764 767 775 776 780 787 788 789 790 791 792 793 794 795 796 797 798 799 800 801 802 803 804 805 806 807 808 809 810 811 812 813 814 815 818 819 821 826 827 829 830 832 833 834 835 836 841 842 843
43,1,55537.616394791665,50326.76899999999,0.0,0 1 2 3 4 5 6 7 8 9 10 11 12 13 14 15 16 17 18 19 20 21 22 23 24 25 26 27 28 29 30 31 32 33 34 35 36 37 38 39 40 41 42 43 44 45 46 47 49 50 75 78 418 419 472 473 474 475 476 545 546 547 548 549 550 551 552 553 555 562
43,2,0.0,128921.24100000013,97705.29622543657,420 421 422 423 424 429 430 431 432 433 434 436 441 477 478 479 480 481 482 483 484 485 486 487 488 489 490 492 493 494 495 496 497 498 499 500 501 502 503 504 505 506 507 508 509 510 511 512 513 514 515 516 517 518 519 520 521 522 523 524 525 526 527 528 529 530 531 532 533 534 535 536 537 538 539 540 541 542 543 544 650 662 665 666 667 670 671 672 689 692 693 694 695 696 697 698 699 700 701 702 703 704 705 771 772 773 774 777 778 779 781 782 783 784 785 786 922 923 924 925 926 927 928 929 930 931 932 933 934 935 936 937 938 939 940 941 942 943 944 945 946 947 948 949 950 951 952 953 954 955 956 957 958 959 960 961 962 963 964 965 966 967 968 969 970 971 972 973 974 975 976 977 978 979 980 981 982 983 984 985 986 987 988 989 990 991 992 993 994 995 997 998 999 1006 1015 1016 1017 1018 1019 1020 1021 1022 1023 1024 1025 1026
43,3,55537.616394791665,37848.37699999999,0.0,52 53 54 55 56 57 58 59 60 61 62 63 64 65 66 67 68 69 70 71 72 73 74 76 77 79 80 81 82 83 84 85 86 87 88 89 90 91 92 93 94 95 96 97 98 99 100 101 102 103 104 105 106 107 108 110 113 114 115 116 117 118 131 132 133 134 135 136 218 219 220 221 222 223 224 225 491
43,4,55537.616394791665,123323.25300000006,115790.21492684436,119 120 126 128 137 138 139 140 141 142 143 146 147 148 149 150 151 152 153 154 155 156 157 158 159 160 161 162 163 164 165 166 167 168 169 170 171 172 173 174 175 176 177 178 179 180 181 182 183 184 185 186 187 188 189 190 191 192 193 194 195 196 197 198 199 200 201 202 203 204 205 206 207 208 209 210 211 212 213 214 215 216 217 309 310 311 312 313 314 315 316 317 318 319 320 321 322 323 324 325 326 327 328 329 330 331 332 333 334 335 336 337 338 339 340 341 342 343 344 345 346 347 348 349 350 351 352 353 354 355 356 357 358 359 360 361 362 363 364 365 366 367 368 370 371 372 373 374 376 379 380 381 382 383 391 392 393 394 395 396 397 398 399 401 407 410 411 412 413 765 766 768 816 817 820 822 823 824 825 828 831 837 838 839 840 844 845 846 847 848 849 850 851 852 853 854 855 856 857 858 859 860 861 862 863 864 865 866 867 868 869 870 871 873 874 875 876 877 878 879 902 903 904 1089 1094 1095 1096 1097 1099 1100 1101 1102 1104 1105
43,5,55537.616394791665,40097.415,0.0,144 145 226 227 228 229 230 231 232 233 234 235 236 237 238 239 240 241 242 243 244 245 246 247 248 249 250 251 252 253 254 255 256 257 258 259 260 261 262 263 264 265 266 267 268 269 270 271 272 273 274 275 276 277 278 279 280 281 282 283 284 285 286 287 288 289 290 291 292 293 294 295 296 297 298 299 300 301 302 303 304 305 306 307 308 384 385 386 387 388 389 390 400 402 403 404 405
43,6,55537.616394791665,16133.935000000001,0.0,1267 1311 1312 1338 1339 1340 1341 1342 1348 1349 1350 1351 1352 1353 1354 1355 1356 1357 1358 1359 1360 1361 1362 1363 1364 1367 1368 1369 1370 1371 1372 1373 1374 1375 1376 1377 1378 1379 1380 1381 1382 1383 1384 1385 1386 1387 1388 1389 1390 1391 1392 1393 1394 1395 1396 1397 1398 1399 1400 1401 1402 1403 1404 1405 1406 1407 1408 1409 1410 1411 1412 1413 1414 1415 1416 1417 1418
43,7,55537.616394791665,33765.526000000005,0.0,48 51 414 415 417 1272 1273 1274 1275 1276 1277 1278 1279 1280 1281 1282 1283 1284 1285 1286 1287 1288 1289 1290 1291 1292 1293 1294 1295 1296 1297 1298 1299 1300 1301 1302 1303 1304 1305 1306 1307 1308 1309 1310 1313 1314 1315 1316 1317 1318 1319 1320 1321 1322 1323 1324 1325 1326 1327 1328 1329 1330 1331 1332 1343 1344 1345 1346 1347
43,8,54761.31938422127,97233.453,29282.887449909875,369 375 377 378 406 408 409 769 770 872 880 881 882 883 884 885 886 887 888 889 890 891 892 893 894 895 896 897 898 899 900 901 905 906 907 908 909 910 911 912 913 914 915 916 917 918 919 920 921 996 1000 1001 1002 1003 1004 1005 1007 1008 1009 1010 1011 1012 1013 1014 1027 1028 1029 1032 1035 1036 1038 1039 1041 1042 1044 1045 1046 1047 1048 1049 1050 1051 1052 1053 1054 1055 1056 1057 1058 1059 1060 1061 1062 1063 1064 1065 1066 1067 1068 1069 1070 1071 1072 1073 1074 1075 1076 1077 1078 1079 1080 1081 1082 1083 1084 1085 1086 1087 1088 1090 1091 1092 1093 1098 1103 1106 1107 1108 1109 1110 1111 1112 1113 1114 1115 1116 1117 1118 1119 1120 1121 1122 1123 1124 1125 1126 1127 1128 1129 1130 1131 1132 1133 1134 1135 1136 1137 1138 1139 1140 1141 1142 1143 1144 1145 1146 1147 1148 1149 1150 1151 1152 1153 1154 1155 1156 1157 1158 1159 1160 1161 1162 1163 1164 1165 1166 1167 1168 1169 1170 1171 1172 1173 1174 1175
43,9,55537.616394791665,59225.948000000004,0.0,416 425 426 427 428 435 437 438 439 440 442 443 444 445 446 447 448 449 450 451 452 453 454 455 456 457 458 459 460 461 462 463 464 465 466 467 468 469 470 471 1030 1031 1033 1034 1037 1040 1043 1176 1177 1178 1179 1180 1181 1182 1183 1184 1185 1186 1187 1188 1189 1190 1191 1192 1193 1194 1195 1196 1197 1198 1199 1200 1201 1202 1203 1204 1205 1206 1207 1208 1209 1210 1211 1212 1213 1214 1215 1216 1217 1218 1219 1220 1221 1222 1223 1224 1225 1226 1227 1228 1229 1230 1231 1232 1233 1234 1235 1236 1237 1238 1239 1240 1241 1242 1243 1244 1245 1246 1247 1248 1249 1250 1251 1252 1253 1254 1255 1256 1257 1258 1259 1260 1261 1262 1263 1264 1265 1266 1268 1269 1270 1271 1333 1334 1335 1336 1337 1365 1366
44,0,0.0,129693.81700000002,126270.32817719967,109 111 112 121 122 123 124 125 127 129 130 554 556 557 558 559 560 561 563 564 565 566 567 568 569 570 571 572 573 574 575 576 577 578 579 580 581 582 583 584 585 586 587 588 589 590 591 592 593 594 595 596 597 598 599 600 601 602 603 604 605 606 607 608 609 610 611 612 613 614 615 616 617 618 619 620 621 622 623 624 625 626 627 628 629 630 631 632 633 634 635 636 637 638 639 640 641 642 643 644 645 646 647 648 649 651 652 653 654 655 656 657 658 659 660 661 663 664 668 669 673 674 675 676 677 678 679 680 681 682 683 684 685 686 687 688 690 691 706 707 708 709 710 711 712 713 714 715 716 717 718 719 720 721 722 723 724 725 726 727 728 729 730 731 732 733 734 735 736 737 738 739 740 741 742 743 744 745 746 747 748 749 750 751 752 753 754 755 756 757 758 759 760 761 762 763 764 767 775 776 780 787 788 789 790 791 792 793 794 795 796 797 798 799 800 801 802 803 804 805 806 807 808 809 810 811 812 813 814 815 818 819 821 826 827 829 830 832 833 834 835 836 841 842 843
44,1,55537.616394791665,49880.338,0.0,0 1 2 3 4 5 6 7 8 9 10 11 12 13 14 15 16 17 18 19 20 21 22 23 24 25 26 27 28 29 30 31 32 33 34 35 36 37 38 39 40 41 42 43 44 45 46 47 49 50 75 78 418 419 472 473 474 475 476 545 546 547 548 549 550 551 552 553 555 562
44,2,0.0,129998.82300000025,110820.34491278895,420 421 422 423 424 429 430 431 432 433 434 436 441 477 478 479 480 481 482 483 484 485 486 487 488 489 490 492 493 494 495 496 497 498 499 500 501 502 503 504 505 506 507 508 509 510 511 512 513 514 515 516 517 518 519 520 521 522 523 524 525 526 527 528 529 530 531 532 533 534 535 536 537 538 539 540 541 542 543 544 650 662 665 666 667 670 671 672 689 692 693 694 695 696 697 698 699 700 701 702 703 704 705 771 772 773 774 777 778 779 781 782 783 784 785 786 922 923 924 925 926 927 928 929 930 931 932 933 934 935 936 937 938 939 940 941 942 943 944 945 946 947 948 949 950 951 952 953 954 955 956 957 958 959 960 961 962 963 964 965 966 967 968 969 970 971 972 973 974 975 976 977 978 979 980 981 982 983 984 985 986 987 988 989 990 991 992 993 994 995 997 998 999 1006 1015 1016 1017 1018 1019 1020 1021 1022 1023 1024 1025 1026
44,3,55537.616394791665,37072.138,0.0,52 53 54 55 56 57 58 59 60 61 62 63 64 65 66 67 68 69 70 71 72 73 74 76 77 79 80 81 82 83 84 85 86 87 88 89 90 91 92 93 94 95 96 97 98 99 100 101 102 103 104 105 106 107 108 110 113 114 115 116 117 118 131 132 133 134 135 136 218 219 220 221 222 223 224 225 491
44,4,0.0,129396.61200000008,34291.17463865722,119 120 126 128 137 138 139 140 141 142 143 146 147 148 149 150 151 152 153 154 155 156 157 158 159 160 161 162 163 164 165 166 167 168 169 170 171 172 173 174 175 176 177 178 179 180 181 182 183 184 185 186 187 188 189 190 191 192 193 194 195 196 197 198 199 200 201 202 203 204 205 206 207 208 209 210 211 212 213 214 215 216 217 309 310 311 312 313 314 315 316 317 318 319 320 321 322 323 324 325 326 327 328 329 330 331 332 333 334 335 336 337 338 339 340 341 342 343 344 345 346 347 348 349 350 351 352 353 354 355 356 357 358 359 360 361 362 363 364 365 366 367 368 370 371 372 373 374 376 379 380 381 382 383 391 392 393 394 395 396 397 398 399 401 407 410 411 412 413 765 766 768 816 817 820 822 823 824 825 828 831 837 838 839 840 844 845 846 847 848 849 850 851 852 853 854 855 856 857 858 859 860 861 862 863 864 865 866 867 868 869 870 871 873 874 875 876 877 878 879 902 903 904 1089 1094 1095 1096 1097 1099 1100 1101 1102 1104 1105
44,5,55537.616394791665,38434.41,0.0,144 145 226 227 228 229 230 231 232 233 234 235 236 237 238 239 240 241 242 243 244 245 246 247 248 249 250 251 252 253 254 255 256 257 258 259 260 261 262 263 264 265 266 267 268 269 270 271 272 273 274 275 276 277 278 279 280 281 282 283 284 285 286 287 288 289 290 291 292 293 294 295 296 297 298 299 300 301 302 303 304 305 306 307 308 384 385 386 387 388 389 390 400 402 403 404 405
44,6,55537.616394791665,16599.487999999998,0.0,1267 1311 1312 1338 1339 1340 1341 1342 1348 1349 1350 1351 1352 1353 1354 1355 1356 1357 1358 1359 1360 1361 1362 1363 1364 1367 1368 1369 1370 1371 1372 1373 1374 1375 1376 1377 1378 1379 1380 1381 1382 1383 1384 1385 1386 1387 1388 1389 1390 1391 1392 1393 1394 1395 1396 1397 1398 1399 1400 1401 1402 1403 1404 1405 1406 1407 1408 1409 1410 1411 1412 1413 1414 1415 1416 1417 1418
44,7,55537.616394791665,30944.042999999998,0.0,48 51 414 415 417 1272 1273 1274 1275 1276 1277 1278 1279 1280 1281 1282 1283 1284 1285 1286 1287 1288 1289 1290 1291 1292 1293 1294 1295 1296 1297 1298 1299 1300 1301 1302 1303 1304 1305 1306 1307 1308 1309 1310 1313 1314 1315 1316 1317 1318 1319 1320 1321 1322 1323 1324 1325 1326 1327 1328 1329 1330 1331 1332 1343 1344 1345 1346 1347
44,8,7.275957614183426e-12,97848.66299999999,0.0,369 375 377 378 406 408 409 769 770 872 880 881 882 883 884 885 886 887 888 889 890 891 892 893 894 895 896 897 898 899 900 901 905 906 907 908 909 910 911 912 913 914 915 916 917 918 919 920 921 996 1000 1001 1002 1003 1004 1005 1007 1008 1009 1010 1011 1012 1013 1014 1027 1028 1029 1032 1035 1036 1038 1039 1041 1042 1044 1045 1046 1047 1048 1049 1050 1051 1052 1053 1054 1055 1056 1057 1058 1059 1060 1061 1062 1063 1064 1065 1066 1067 1068 1069 1070 1071 1072 1073 1074 1075 1076 1077 1078 1079 1080 1081 1082 1083 1084 1085 1086 1087 1088 1090 1091 1092 1093 1098 1103 1106 1107 1108 1109 1110 1111 1112 1113 1114 1115 1116 1117 1118 1119 1120 1121 1122 1123 1124 1125 1126 1127 1128 1129 1130 1131 1132 1133 1134 1135 1136 1137 1138 1139 1140 1141 1142 1143 1144 1145 1146 1147 1148 1149 1150 1151 1152 1153 1154 1155 1156 1157 1158 1159 1160 1161 1162 1163 1164 1165 1166 1167 1168 1169 1170 1171 1172 1173 1174 1175
44,9,55537.616394791665,59402.83400000001,0.0,416 425 426 427 428 435 437 438 439 440 442 443 444 445 446 447 448 449 450 451 452 453 454 455 456 457 458 459 460 461 462 463 464 465 466 467 468 469 470 471 1030 1031 1033 1034 1037 1040 1043 1176 1177 1178 1179 1180 1181 1182 1183 1184 1185 1186 1187 1188 1189 1190 1191 1192 1193 1194 1195 1196 1197 1198 1199 1200 1201 1202 1203 1204 1205 1206 1207 1208 1209 1210 1211 1212 1213 1214 1215 1216 1217 1218 1219 1220 1221 1222 1223 1224 1225 1226 1227 1228 1229 1230 1231 1232 1233 1234 1235 1236 1237 1238 1239 1240 1241 1242 1243 1244 1245 1246 1247 1248 1249 1250 1251 1252 1253 1254 1255 1256 1257 1258 1259 1260 1261 1262 1263 1264 1265 1266 1268 1269 1270 1271 1333 1334 1335 1336 1337 1365 1366
45,0,0.0,125703.08499999972,122279.59617719936,109 112 121 122 123 124 125 127 130 556 558 563 564 565 566 567 568 569 571 572 573 575 576 577 578 579 580 581 582 583 584 585 586 587 588 589 590 591 592 593 594 595 596 597 598 599 600 601 602 603 604 606 607 608 609 610 611 612 613 614 615 616 617 618 619 620 621 622 623 624 625 626 627 628 629 630 631 632 633 634 635 636 637 638 639 640 641 642 643 644 645 646 648 649 651 652 653 654 655 656 657 658 659 660 661 663 668 669 673 674 675 676 677 678 679 680 681 682 683 684 685 686 687 688 689 690 691 706 707 708 709 710 711 712 713 714 715 716 717 718 719 720 721 722 723 724 725 726 727 728 729 730 731 732 733 734 735 736 737 738 739 740 741 742 743 744 745 746 747 748 749 750 751 752 753 754 755 756 757 758 759 760 761 762 763 767 776 777 787 788 789 790 791 792 793 794 795 796 797 798 799 800 801 802 803 804 805 806 807 808 809 810 811 812 813 814 815 816 818 819 826 827 828 829 830 832 833 835 836 837
45,1,55537.616394791665,52406.541,0.0,0 1 2 3 4 5 6 7 8 9 10 11 12 13 14 15 16 17 18 19 20 21 22 23 24 25 26 27 28 29 30 31 32 33 34 35 36 37 38 39 40 41 42 43 44 45 46 47 49 50 75 78 418 419 472 473 474 479 545 546 547 548 549 550 551 552 553 554 555 557 561 562 974
45,2,0.0,129952.3709999998,110773.89291278849,420 421 422 423 424 429 430 431 432 433 434 436 475 476 477 478 480 481 482 483 484 485 486 487 488 489 490 491 492 493 494 495 496 497 498 499 500 501 502 503 504 505 506 507 508 509 510 511 512 513 514 515 516 517 518 519 520 521 522 523 524 525 526 527 528 529 530 531 532 533 534 535 536 537 538 539 540 541 542 543 544 559 560 605 647 650 662 664 665 666 667 670 671 672 692 693 694 695 696 697 698 699 700 701 702 703 704 705 771 772 773 774 775 778 780 783 784 786 885 922 923 924 925 926 927 928 929 930 931 932 933 934 935 936 937 938 939 940 941 942 943 944 945 946 947 948 949 950 951 952 953 954 955 956 957 958 959 960 961 962 963 964 965 966 967 968 969 970 971 972 973 975 976 977 978 979 980 981 982 983 984 985 986 987 988 989 990 991 992 993 994 995 996 997 998 1001 1016 1017 1019 1020 1021 1022 1023 1024 1025 1026
45,3,55537.616394791665,35697.06,0.0,52 53 54 55 56 57 58 59 60 61 62 63 64 65 66 67 68 69 70 71 72 73 74 76 77 79 80 81 82 83 84 85 86 87 88 89 90 91 92 93 94 95 96 97 98 99 100 101 102 103 104 105 106 107 108 110 111 113 114 115 116 117 118 131 132 133 134 135 136 218 219 220 221 222 223 224 225 570 574
45,4,0.0,127791.13899999968,88223.31803344848,119 120 126 128 129 137 138 139 140 141 142 143 146 147 148 149 150 151 152 153 154 155 156 157 158 159 160 161 162 163 164 165 166 167 168 169 170 171 172 173 174 175 176 177 178 179 180 181 182 183 184 185 186 187 188 189 190 191 192 193 194 195 196 197 198 199 200 201 202 203 204 205 206 207 208 209 210 211 212 213 214 215 216 217 309 310 311 312 313 314 315 316 317 318 319 320 321 322 323 324 325 326 327 328 329 330 331 332 333 334 335 336 337 338 339 340 341 342 343 344 345 346 347 348 349 350 351 352 353 354 355 356 357 358 359 360 361 362 363 364 365 366 367 368 370 371 372 373 374 379 380 381 382 383 391 392 393 394 395 396 397 398 401 410 411 412 413 764 765 766 817 820 821 822 823 824 825 831 834 838 839 840 841 842 843 844 845 846 847 848 849 850 851 852 853 854 855 856 857 858 859 860 861 862 863 864 865 866 867 868 869 870 871 873 874 875 876 877 878 879 903 1089 1094 1095 1096 1097 1099 1100 1101 1102 1104 1105
45,5,55537.616394791665,37513.966,0.0,144 145 226 227 228 229 230 231 232 233 234 235 236 237 238 239 240 241 242 243 244 245 246 247 248 249 250 251 252 253 254 255 256 257 258 259 260 261 262 263 264 265 266 267 268 269 270 271 272 273 274 275 276 277 278 279 280 281 282 283 284 285 286 287 288 289 290 291 292 293 294 295 296 297 298 299 300 301 302 303 304 305 306 307 308 384 385 386 387 388 389 390 399 400 402 403 404 405
45,6,34840.13396269333,16432.137000000002,0.0,1267 1311 1312 1338 1339 1340 1341 1342 1348 1349 1350 1351 1352 1353 1354 1355 1356 1357 1358 1359 1360 1361 1362 1363 1364 1367 1368 1369 1370 1371 1372 1373 1374 1375 1376 1377 1378 1379 1380 1381 1382 1383 1384 1385 1386 1387 1388 1389 1390 1391 1392 1393 1394 1395 1396 1397 1398 1399 1400 1401 1402 1403 1404 1405 1406 1407 1408 1409 1410 1411 1412 1413 1414 1415 1416 1417 1418
45,7,33222.42784779155,33213.088,0.0,48 51 414 415 417 1272 1273 1274 1275 1276 1277 1278 1279 1280 1281 1282 1283 1284 1285 1286 1287 1288 1289 1290 1291 1292 1293 1294 1295 1296 1297 1298 1299 1300 1301 1302 1303 1304 1305 1306 1307 1308 1309 1310 1313 1314 1315 1316 1317 1318 1319 1320 1321 1322 1323 1324 1325 1326 1327 1328 1329 1330 1331 1332 1343 1344 1345 1346 1347
45,8,0.0,96784.83499999996,53697.49138422123,369 375 376 377 378 406 407 408 409 768 769 770 779 781 782 785 872 880 881 882 883 884 886 887 888 889 890 891 892 893 894 895 896 897 898 899 900 901 902 904 905 906 907 908 909 910 911 912 913 914 915 916 917 918 919 920 921 999 1000 1002 1003 1004 1005 1006 1007 1008 1009 1010 1011 1012 1013 1014 1027 1028 1029 1032 1035 1036 1038 1039 1041 1042 1044 1045 1046 1047 1048 1049 1050 1051 1052 1053 1054 1055 1056 1057 1058 1059 1060 1061 1062 1063 1064 1065 1066 1067 1068 1069 1070 1071 1072 1073 1074 1075 1076 1077 1078 1079 1080 1081 1082 1083 1084 1085 1086 1087 1088 1090 1091 1092 1093 1098 1103 1106 1107 1108 1109 1110 1111 1112 1113 1114 1115 1116 1117 1118 1119 1120 1121 1122 1123 1124 1125 1126 1127 1128 1129 1130 1131 1132 1133 1134 1135 1136 1137 1138 1139 1140 1141 1142 1143 1144 1145 1146 1147 1148 1149 1150 1151 1152 1153 1154 1155 1156 1157 1158 1159 1160 1161 1162 1163 1164 1165 1166 1167 1168 1169 1170 1171 1172 1173 1174 1175
45,9,55213.68395612271,61895.720000000016,0.0,416 425 426 427 428 435 437 438 439 440 441 442 443 444 445 446 447 448 449 450 451 452 453 454 455 456 457 458 459 460 461 462 463 464 465 466 467 468 469 470 471 1015 1018 1030 1031 1033 1034 1037 1040 1043 1176 1177 1178 1179 1180 1181 1182 1183 1184 1185 1186 1187 1188 1189 1190 1191 1192 1193 1194 1195 1196 1197 1198 1199 1200 1201 1202 1203 1204 1205 1206 1207 1208 1209 1210 1211 1212 1213 1214 1215 1216 1217 1218 1219 1220 1221 1222 1223 1224 1225 1226 1227 1228 1229 1230 1231 1232 1233 1234 1235 1236 1237 1238 1239 1240 1241 1242 1243 1244 1245 1246 1247 1248 1249 1250 1251 1252 1253 1254 1255 1256 1257 1258 1259 1260 1261 1262 1263 1264 1265 1266 1268 1269 1270 1271 1333 1334 1335 1336 1337 1365 1366
46,0,0.0,129823.7529999999,126400.26417719954,109 112 121 122 123 124 125 127 130 556 558 563 564 565 566 567 568 569 571 572 573 575 576 577 578 579 580 581 582 583 584 585 586 587 588 589 590 591 592 593 594 595 596 597 598 599 600 601 602 603 604 606 607 608 609 610 611 612 613 614 615 616 617 618 619 620 621 622 623 624 625 626 627 628 629 630 631 632 633 634 635 636 637 638 639 640 641 642 643 644 645 646 648 649 651 652 653 654 655 656 657 658 659 660 661 663 668 669 673 674 675 676 677 678 679 680 681 682 683 684 685 686 687 688 689 690 691 706 707 708 709 710 711 712 713 714 715 716 717 718 719 720 721 722 723 724 725 726 727 728 729 730 731 732 733 734 735 736 737 738 739 740 741 742 743 744 745 746 747 748 749 750 751 752 753 754 755 756 757 758 759 760 761 762 763 767 776 777 787 788 789 790 791 792 793 794 795 796 797 798 799 800 801 802 803 804 805 806 807 808 809 810 811 812 813 814 815 816 818 819 826 827 828 829 830 832 833 835 836 837
46,1,55537.616394791665,54006.474,0.0,0 1 2 3 4 5 6 7 8 9 10 11 12 13 14 15 16 17 18 19 20 21 22 23 24 25 26 27 28 29 30 31 32 33 34 35 36 37 38 39 40 41 42 43 44 45 46 47 49 50 75 78 418 419 472 473 474 479 545 546 547 548 549 550 551 552 553 554 555 557 561 562 974
46,2,0.0,129961.77699999984,110783.29891278854,420 421 422 423 424 429 430 431 432 433 434 436 475 476 477 478 480 481 482 483 484 485 486 487 488 489 490 491 492 493 494 495 496 497 498 499 500 501 502 503 504 505 506 507 508 509 510 511 512 513 514 515 516 517 518 519 520 521 522 523 524 525 526 527 528 529 530 531 532 533 534 535 536 537 538 539 540 541 542 543 544 559 560 605 647 650 662 664 665 666 667 670 671 672 692 693 694 695 696 697 698 699 700 701 702 703 704 705 771 772 773 774 775 778 780 783 784 786 885 922 923 924 925 926 927 928 929 930 931 932 933 934 935 936 937 938 939 940 941 942 943 944 945 946 947 948 949 950 951 952 953 954 955 956 957 958 959 960 961 962 963 964 965 966 967 968 969 970 971 972 973 975 976 977 978 979 980 981 982 983 984 985 986 987 988 989 990 991 992 993 994 995 996 997 998 1001 1016 1017 1019 1020 1021 1022 1023 1024 1025 1026
46,3,55537.616394791665,34764.547999999995,0.0,52 53 54 55 56 57 58 59 60 61 62 63 64 65 66 67 68 69 70 71 72 73 74 76 77 79 80 81 82 83 84 85 86 87 88 89 90 91 92 93 94 95 96 97 98 99 100 101 102 103 104 105 106 107 108 110 111 113 114 115 116 117 118 131 132 133 134 135 136 218 219 220 221 222 223 224 225 570 574
46,4,0.0,129898.54600000003,90330.72503344883,119 120 126 128 129 137 138 139 140 141 142 143 146 147 148 149 150 151 152 153 154 155 156 157 158 159 160 161 162 163 164 165 166 167 168 169 170 171 172 173 174 175 176 177 178 179 180 181 182 183 184 185 186 187 188 189 190 191 192 193 194 195 196 197 198 199 200 201 202 203 204 205 206 207 208 209 210 211 212 213 214 215 216 217 309 310 311 312 313 314 315 316 317 318 319 320 321 322 323 324 325 326 327 328 329 330 331 332 333 334 335 336 337 338 339 340 341 342 343 344 345 346 347 348 349 350 351 352 353 354 355 356 357 358 359 360 361 362 363 364 365 366 367 368 370 371 372 373 374 379 380 381 382 383 391 392 393 394 395 396 397 398 401 410 411 412 413 764 765 766 817 820 821 822 823 824 825 831 834 838 839 840 841 842 843 844 845 846 847 848 849 850 851 852 853 854 855 856 857 858 859 860 861 862 863 864 865 866 867 868 869 870 871 873 874 875 876 877 878 879 903 1089 1094 1095 1096 1097 1099 1100 1101 1102 1104 1105
46,5,55537.616394791665,43062.625,0.0,144 145 226 227 228 229 230 231 232 233 234 235 236 237 238 239 240 241 242 243 244 245 246 247 248 249 250 251 252 253 254 255 256 257 258 259 260 261 262 263 264 265 266 267 268 269 270 271 272 273 274 275 276 277 278 279 280 281 282 283 284 285 286 287 288 289 290 291 292 293 294 295 296 297 298 299 300 301 302 303 304 305 306 307 308 384 385 386 387 388 389 390 399 400 402 403 404 405
46,6,14142.651530595002,18754.366,0.0,1267 1311 1312 1338 1339 1340 1341 1342 1348 1349 1350 1351 1352 1353 1354 1355 1356 1357 1358 1359 1360 1361 1362 1363 1364 1367 1368 1369 1370 1371 1372 1373 1374 1375 1376 1377 1378 1379 1380 1381 1382 1383 1384 1385 1386 1387 1388 1389 1390 1391 1392 1393 1394 1395 1396 1397 1398 1399 1400 1401 1402 1403 1404 1405 1406 1407 1408 1409 1410 1411 1412 1413 1414 1415 1416 1417 1418
46,7,10907.239300791436,30844.49,0.0,48 51 414 415 417 1272 1273 1274 1275 1276 1277 1278 1279 1280 1281 1282 1283 1284 1285 1286 1287 1288 1289 1290 1291 1292 1293 1294 1295 1296 1297 1298 1299 1300 1301 1302 1303 1304 1305 1306 1307 1308 1309 1310 1313 1314 1315 1316 1317 1318 1319 1320 1321 1322 1323 1324 1325 1326 1327 1328 1329 1330 1331 1332 1343 1344 1345 1346 1347
46,8,0.0,102528.30200000001,59440.95838422129,369 375 376 377 378 406 407 408 409 768 769 770 779 781 782 785 872 880 881 882 883 884 886 887 888 889 890 891 892 893 894 895 896 897 898 899 900 901 902 904 905 906 907 908 909 910 911 912 913 914 915 916 917 918 919 920 921 999 1000 1002 1003 1004 1005 1006 1007 1008 1009 1010 1011 1012 1013 1014 1027 1028 1029 1032 1035 1036 1038 1039 1041 1042 1044 1045 1046 1047 1048 1049 1050 1051 1052 1053 1054 1055 1056 1057 1058 1059 1060 1061 1062 1063 1064 1065 1066 1067 1068 1069 1070 1071 1072 1073 1074 1075 1076 1077 1078 1079 1080 1081 1082 1083 1084 1085 1086 1087 1088 1090 1091 1092 1093 1098 1103 1106 1107 1108 1109 1110 1111 1112 1113 1114 1115 1116 1117 1118 1119 1120 1121 1122 1123 1124 1125 1126 1127 1128 1129 1130 1131 1132 1133 1134 1135 1136 1137 1138 1139 1140 1141 1142 1143 1144 1145 1146 1147 1148 1149 1150 1151 1152 1153 1154 1155 1156 1157 1158 1159 1160 1161 1162 1163 1164 1165 1166 1167 1168 1169 1170 1171 1172 1173 1174 1175
46,9,54489.03551745374,62296.43600000003,0.0,416 425 426 427 428 435 437 438 439 440 441 442 443 444 445 446 447 448 449 450 451 452 453 454 455 456 457 458 459 460 461 462 463 464 465 466 467 468 469 470 471 1015 1018 1030 1031 1033 1034 1037 1040 1043 1176 1177 1178 1179 1180 1181 1182 1183 1184 1185 1186 1187 1188 1189 1190 1191 1192 1193 1194 1195 1196 1197 1198 1199 1200 1201 1202 1203 1204 1205 1206 1207 1208 1209 1210 1211 1212 1213 1214 1215 1216 1217 1218 1219 1220 1221 1222 1223 1224 1225 1226 1227 1228 1229 1230 1231 1232 1233 1234 1235 1236 1237 1238 1239 1240 1241 1242 1243 1244 1245 1246 1247 1248 1249 1250 1251 1252 1253 1254 1255 1256 1257 1258 1259 1260 1261 1262 1263 1264 1265 1266 1268 1269 1270 1271 1333 1334 1335 1336 1337 1365 1366
47,0,0.0,129991.61799999994,126568.12917719959,109 112 121 122 123 124 125 127 130 556 558 563 564 565 566 567 568 569 571 572 573 575 576 577 578 579 580 581 582 583 584 585 586 587 588 589 590 591 592 593 594 595 596 597 598 599 600 601 602 603 604 606 607 608 609 610 611 612 613 614 615 616 617 618 619 620 621 622 623 624 625 626 627 628 629 630 631 632 633 634 635 636 637 638 639 640 641 642 643 644 645 646 648 649 651 652 653 654 655 656 657 658 659 660 661 663 668 669 673 674 675 676 677 678 679 680 681 682 683 684 685 686 687 688 689 690 691 706 707 708 709 710 711 712 713 714 715 716 717 718 719 720 721 722 723 724 725 726 727 728 729 730 731 732 733 734 735 736 737 738 739 740 741 742 743 744 745 746 747 748 749 750 751 752 753 754 755 756 757 758 759 760 761 762 763 767 776 777 787 788 789 790 791 792 793 794 795 796 797 798 799 800 801 802 803 804 805 806 807 808 809 810 811 812 813 814 815 816 818 819 826 827 828 829 830 832 833 835 836 837
47,1,55537.616394791665,52813.186,0.0,0 1 2 3 4 5 6 7 8 9 10 11 12 13 14 15 16 17 18 19 20 21 22 23 24 25 26 27 28 29 30 31 32 33 34 35 36 37 38 39 40 41 42 43 44 45 46 47 49 50 75 78 418 419 472 473 474 479 545 546 547 548 549 550 551 552 553 554 555 557 561 562 974
47,2,7.275957614183426e-12,129369.40499999974,110190.92691278845,420 421 422 423 424 429 430 431 432 433 434 436 475 476 477 478 480 481 482 483 484 485 486 487 488 489 490 491 492 493 494 495 496 497 498 499 500 501 502 503 504 505 506 507 508 509 510 511 512 513 514 515 516 517 518 519 520 521 522 523 524 525 526 527 528 529 530 531 532 533 534 535 536 537 538 539 540 541 542 543 544 559 560 605 647 650 662 664 665 666 667 670 671 672 692 693 694 695 696 697 698 699 700 701 702 703 704 705 771 772 773 774 775 778 780 783 784 786 885 922 923 924 925 926 927 928 929 930 931 932 933 934 935 936 937 938 939 940 941 942 943 944 945 946 947 948 949 950 951 952 953 954 955 956 957 958 959 960 961 962 963 964 965 966 967 968 969 970 971 972 973 975 976 977 978 979 980 981 982 983 984 985 986 987 988 989 990 991 992 993 994 995 996 997 998 1001 1016 1017 1019 1020 1021 1022 1023 1024 1025 1026
47,3,55537.616394791665,39278.202,0.0,52 53 54 55 56 57 58 59 60 61 62 63 64 65 66 67 68 69 70 71 72 73 74 76 77 79 80 81 82 83 84 85 86 87 88 89 90 91 92 93 94 95 96 97 98 99 100 101 102 103 104 105 106 107 108 110 111 113 114 115 116 117 118 131 132 133 134 135 136 218 219 220 221 222 223 224 225 570 574
47,4,0.0,122739.33999999946,83171.51903344826,119 120 126 128 129 137 138 139 140 141 142 143 146 147 148 149 150 151 152 153 154 155 156 157 158 159 160 161 162 163 164 165 166 167 168 169 170 171 172 173 174 175 176 177 178 179 180 181 182 183 184 185 186 187 188 189 190 191 192 193 194 195 196 197 198 199 200 201 202 203 204 205 206 207 208 209 210 211 212 213 214 215 216 217 309 310 311 312 313 314 315 316 317 318 319 320 321 322 323 324 325 326 327 328 329 330 331 332 333 334 335 336 337 338 339 340 341 342 343 344 345 346 347 348 349 350 351 352 353 354 355 356 357 358 359 360 361 362 363 364 365 366 367 368 370 371 372 373 374 379 380 381 382 383 391 392 393 394 395 396 397 398 401 410 411 412 413 764 765 766 817 820 821 822 823 824 825 831 834 838 839 840 841 842 843 844 845 846 847 848 849 850 851 852 853 854 855 856 857 858 859 860 861 862 863 864 865 866 867 868 869 870 871 873 874 875 876 877 878 879 903 1089 1094 1095 1096 1097 1099 1100 1101 1102 1104 1105
47,5,55537.616394791665,46438.50100000007,0.0,144 145 226 227 228 229 230 231 232 233 234 235 236 237 238 239 240 241 242 243 244 245 246 247 248 249 250 251 252 253 254 255 256 257 258 259 260 261 262 263 264 265 266 267 268 269 270 271 272 273 274 275 276 277 278 279 280 281 282 283 284 285 286 287 288 289 290 291 292 293 294 295 296 297 298 299 300 301 302 303 304 305 306 307 308 384 385 386 387 388 389 390 399 400 402 403 404 405
47,6,55537.616394791665,19575.422000000002,0.0,1267 1311 1312 1338 1339 1340 1341 1342 1348 1349 1350 1351 1352 1353 1354 1355 1356 1357 1358 1359 1360 1361 1362 1363 1364 1367 1368 1369 1370 1371 1372 1373 1374 1375 1376 1377 1378 1379 1380 1381 1382 1383 1384 1385 1386 1387 1388 1389 1390 1391 1392 1393 1394 1395 1396 1397 1398 1399 1400 1401 1402 1403 1404 1405 1406 1407 1408 1409 1410 1411 1412 1413 1414 1415 1416 1417 1418
47,7,55537.616394791665,31331.718999999997,0.0,48 51 414 415 417 1272 1273 1274 1275 1276 1277 1278 1279 1280 1281 1282 1283 1284 1285 1286 1287 1288 1289 1290 1291 1292 1293 1294 1295 1296 1297 1298 1299 1300 1301 1302 1303 1304 1305 1306 1307 1308 1309 1310 1313 1314 1315 1316 1317 1318 1319 1320 1321 1322 1323 1324 1325 1326 1327 1328 1329 1330 1331 1332 1343 1344 1345 1346 1347
47,8,0.0,102009.62899999997,58922.28538422125,369 375 376 377 378 406 407 408 409 768 769 770 779 781 782 785 872 880 881 882 883 884 886 887 888 889 890 891 892 893 894 895 896 897 898 899 900 901 902 904 905 906 907 908 909 910 911 912 913 914 915 916 917 918 919 920 921 999 1000 1002 1003 1004 1005 1006 1007 1008 1009 1010 1011 1012 1013 1014 1027 1028 1029 1032 1035 1036 1038 1039 1041 1042 1044 1045 1046 1047 1048 1049 1050 1051 1052 1053 1054 1055 1056 1057 1058 1059 1060 1061 1062 1063 1064 1065 1066 1067 1068 1069 1070 1071 1072 1073 1074 1075 1076 1077 1078 1079 1080 1081 1082 1083 1084 1085 1086 1087 1088 1090 1091 1092 1093 1098 1103 1106 1107 1108 1109 1110 1111 1112 1113 1114 1115 1116 1117 1118 1119 1120 1121 1122 1123 1124 1125 1126 1127 1128 1129 1130 1131 1132 1133 1134 1135 1136 1137 1138 1139 1140 1141 1142 1143 1144 1145 1146 1147 1148 1149 1150 1151 1152 1153 1154 1155 1156 1157 1158 1159 1160 1161 1162 1163 1164 1165 1166 1167 1168 1169 1170 1171 1172 1173 1174 1175
47,9,54371.379078784834,61689.44399999997,0.0,416 425 426 427 428 435 437 438 439 440 441 442 443 444 445 446 447 448 449 450 451 452 453 454 455 456 457 458 459 460 461 462 463 464 465 466 467 468 469 470 471 1015 1018 1030 1031 1033 1034 1037 1040 1043 1176 1177 1178 1179 1180 1181 1182 1183 1184 1185 1186 1187 1188 1189 1190 1191 1192 1193 1194 1195 1196 1197 1198 1199 1200 1201 1202 1203 1204 1205 1206 1207 1208 1209 1210 1211 1212 1213 1214 1215 1216 1217 1218 1219 1220 1221 1222 1223 1224 1225 1226 1227 1228 1229 1230 1231 1232 1233 1234 1235 1236 1237 1238 1239 1240 1241 1242 1243 1244 1245 1246 1247 1248 1249 1250 1251 1252 1253 1254 1255 1256 1257 1258 1259 1260 1261 1262 1263 1264 1265 1266 1268 1269 1270 1271 1333 1334 1335 1336 1337 1365 1366
48,0,0.0,124837.48099999988,123370.25403995204,109 121 122 123 124 127 556 558 559 565 566 567 568 569 570 571 572 573 574 575 576 577 578 579 580 581 582 583 584 585 586 587 588 589 590 591 592 593 594 595 596 597 598 600 601 602 603 604 606 607 608 609 610 611 612 613 614 615 616 617 618 619 620 621 622 623 624 625 626 627 628 629 630 631 632 633 634 635 636 637 638 639 640 641 642 643 644 645 646 648 649 651 652 653 654 655 656 657 658 659 660 661 663 664 669 673 674 675 676 677 678 679 680 681 682 683 684 685 686 687 688 690 706 707 708 709 710 711 712 713 714 715 716 717 718 719 720 721 722 723 724 725 726 727 728 729 730 731 732 733 734 735 736 737 738 739 740 741 742 743 744 745 746 747 748 749 750 751 752 754 755 756 757 758 759 760 762 763 776 787 788 789 790 791 792 793 794 795 796 797 798 799 800 801 802 803 804 805 806 807 808 809 810 811 812 813 815 816 818 820 821 826 828 829 830 834 835
48,1,55537.616394791665,50697.74899999999,24214.787768887974,0 1 2 3 4 5 6 7 8 9 10 11 12 13 14 15 16 17 18 19 20 21 22 23 24 25 26 27 28 29 30 31 32 33 34 35 36 37 38 39 40 41 42 43 44 45 46 47 49 50 75 78 418 419 472 473 474 475 476 545 546 547 548 549 550 551 552 553 554 555 557 561 562
48,2,0.0,127451.66999999981,119321.78766086785,420 421 422 423 429 430 431 432 433 434 477 478 479 480 481 482 483 484 485 486 487 488 489 490 491 492 493 494 495 496 497 498 499 500 501 502 503 504 505 506 507 508 509 510 511 512 513 514 515 516 517 518 519 520 521 522 523 524 525 526 527 528 529 530 531 532 533 534 535 536 537 538 539 540 541 542 543 544 560 599 605 647 650 662 665 666 667 668 670 671 672 689 692 693 694 695 696 697 698 699 700 701 702 703 704 705 753 761 771 772 773 774 775 777 779 782 783 784 786 922 923 924 925 926 927 928 929 930 931 932 933 934 935 936 937 938 939 940 941 942 943 944 945 946 947 948 949 950 951 952 953 954 955 956 957 958 959 960 961 962 963 964 965 966 967 968 969 970 972 973 974 975 976 977 978 979 980 981 982 983 984 985 986 987 988 990 991 993 994 995 998 999 1015 1016 1019 1020 1021 1022 1023 1025 1031
48,3,46597.01307846266,38051.46400000001,0.0,52 53 54 55 56 57 58 59 60 61 62 63 64 65 66 67 68 69 70 71 72 73 74 76 77 79 80 81 82 83 84 85 86 87 88 89 90 91 92 93 94 95 96 97 98 99 100 101 102 103 104 105 106 107 108 110 111 112 113 114 115 116 117 118 131 132 133 134 135 136 218 219 220 221 222 223 224 225 563 564
48,4,0.0,121993.52199999972,104998.7402537544,119 120 125 126 128 129 130 137 138 139 140 141 142 143 146 147 148 149 150 151 152 153 154 155 156 157 158 159 160 161 162 163 164 165 166 167 168 169 170 171 172 173 174 175 176 177 178 179 180 181 182 183 184 185 186 187 188 189 190 191 192 193 194 195 196 197 198 199 200 201 202 203 204 205 206 207 208 209 210 211 212 213 214 215 216 217 309 310 311 312 313 314 315 316 317 318 319 320 321 322 323 324 325 326 327 328 329 330 331 332 333 334 335 336 337 338 339 340 341 342 343 344 345 346 347 348 349 350 351 352 353 354 355 356 357 358 359 360 361 362 363 364 365 366 367 368 370 371 372 373 374 379 380 381 382 383 391 392 393 394 395 396 397 398 401 410 411 412 413 764 765 814 817 819 822 823 824 825 827 831 832 833 836 837 838 839 840 841 842 843 844 845 846 847 848 849 850 851 852 853 854 855 856 857 858 859 860 861 862 863 864 865 866 867 868 869 870 871 873 874 875 876 877 878 879 903 1089 1094 1095 1096 1099 1100 1101 1102 1104
48,5,47422.41639983451,43573.66899999995,0.0,144 145 226 227 228 229 230 231 232 233 234 235 236 237 238 239 240 241 242 243 244 245 246 247 248 249 250 251 252 253 254 255 256 257 258 259 260 261 262 263 264 265 266 267 268 269 270 271 272 273 274 275 276 277 278 279 280 281 282 283 284 285 286 287 288 289 290 291 292 293 294 295 296 297 298 299 300 301 302 303 304 305 306 307 308 384 385 386 387 388 389 390 399 400 402 403 404 405
48,6,55537.616394791665,18538.296000000002,0.0,1267 1311 1312 1338 1339 1340 1341 1342 1348 1349 1350 1351 1352 1353 1354 1355 1356 1357 1358 1359 1360 1361 1362 1363 1364 1367 1368 1369 1370 1371 1372 1373 1374 1375 1376 1377 1378 1379 1380 1381 1382 1383 1384 1385 1386 1387 1388 1389 1390 1391 1392 1393 1394 1395 1396 1397 1398 1399 1400 1401 1402 1403 1404 1405 1406 1407 1408 1409 1410 1411 1412 1413 1414 1415 1416 1417 1418
48,7,55537.616394791665,34400.35399999999,0.0,48 51 414 415 417 1272 1273 1274 1275 1276 1277 1278 1279 1280 1281 1282 1283 1284 1285 1286 1287 1288 1289 1290 1291 1292 1293 1294 1295 1296 1297 1298 1299 1300 1301 1302 1303 1304 1305 1306 1307 1308 1309 1310 1313 1314 1315 1316 1317 1318 1319 1320 1321 1322 1323 1324 1325 1326 1327 1328 1329 1330 1331 1332 1343 1344 1345 1346 1347
48,8,0.0,114147.51299999995,95495.1215477913,369 375 376 377 378 406 407 408 409 691 766 767 768 769 770 778 780 781 785 872 880 881 882 883 884 885 886 887 888 889 890 891 892 893 894 895 896 897 898 899 900 901 902 904 905 906 907 908 909 910 911 912 913 914 915 916 917 918 919 920 921 971 989 992 996 997 1000 1001 1002 1003 1004 1005 1006 1007 1008 1009 1010 1011 1012 1013 1014 1024 1026 1027 1028 1029 1032 1035 1036 1038 1039 1041 1042 1044 1045 1046 1047 1048 1049 1050 1051 1052 1053 1054 1055 1056 1057 1058 1059 1060 1061 1062 1063 1064 1065 1066 1067 1068 1069 1070 1071 1072 1073 1074 1075 1076 1077 1078 1079 1080 1081 1082 1083 1084 1085 1086 1087 1088 1090 1091 1092 1093 1097 1098 1103 1105 1106 1107 1108 1109 1110 1111 1112 1113 1114 1115 1116 1117 1118 1119 1120 1121 1122 1123 1124 1125 1126 1127 1128 1129 1130 1131 1132 1133 1134 1135 1136 1137 1138 1139 1140 1141 1142 1143 1144 1145 1146 1147 1148 1149 1150 1151 1152 1153 1154 1155 1156 1157 1158 1159 1160 1161 1162 1163 1164 1165 1166 1167 1168 1169 1170 1171 1172 1173 1174 1175
48,9,55537.616394791665,68796.459,42551.21594647296,416 424 425 426 427 428 435 436 437 438 439 440 441 442 443 444 445 446 447 448 449 450 451 452 453 454 455 456 457 458 459 460 461 462 463 464 465 466 467 468 469 470 471 1017 1018 1030 1033 1034 1037 1040 1043 1176 1177 1178 1179 1180 1181 1182 1183 1184 1185 1186 1187 1188 1189 1190 1191 1192 1193 1194 1195 1196 1197 1198 1199 1200 1201 1202 1203 1204 1205 1206 1207 1208 1209 1210 1211 1212 1213 1214 1215 1216 1217 1218 1219 1220 1221 1222 1223 1224 1225 1226 1227 1228 1229 1230 1231 1232 1233 1234 1235 1236 1237 1238 1239 1240 1241 1242 1243 1244 1245 1246 1247 1248 1249 1250 1251 1252 1253 1254 1255 1256 1257 1258 1259 1260 1261 1262 1263 1264 1265 1266 1268 1269 1270 1271 1333 1334 1335 1336 1337 1365 1366
49,0,0.0,129796.58299999997,128329.35603995212,109 121 122 123 124 127 556 558 559 565 566 567 568 569 570 571 572 573 574 575 576 577 578 579 580 581 582 583 584 585 586 587 588 589 590 591 592 593 594 595 596 597 598 600 601 602 603 604 606 607 608 609 610 611 612 613 614 615 616 617 618 619 620 621 622 623 624 625 626 627 628 629 630 631 632 633 634 635 636 637 638 639 640 641 642 643 644 645 646 648 649 651 652 653 654 655 656 657 658 659 660 661 663 664 669 673 674 675 676 677 678 679 680 681 682 683 684 685 686 687 688 690 706 707 708 709 710 711 712 713 714 715 716 717 718 719 720 721 722 723 724 725 726 727 728 729 730 731 732 733 734 735 736 737 738 739 740 741 742 743 744 745 746 747 748 749 750 751 752 754 755 756 757 758 759 760 762 763 776 787 788 789 790 791 792 793 794 795 796 797 798 799 800 801 802 803 804 805 806 807 808 809 810 811 812 813 815 816 818 820 821 826 828 829 830 834 835
49,1,29519.563768887994,54503.297999999995,2002.2841429843247,0 1 2 3 4 5 6 7 8 9 10 11 12 13 14 15 16 17 18 19 20 21 22 23 24 25 26 27 28 29 30 31 32 33 34 35 36 37 38 39 40 41 42 43 44 45 46 47 49 50 75 78 418 419 472 473 474 475 476 545 546 547 548 549 550 551 552 553 554 555 557 561 562
49,2,0.0,129471.36300000013,121341.48066086817,420 421 422 423 429 430 431 432 433 434 477 478 479 480 481 482 483 484 485 486 487 488 489 490 491 492 493 494 495 496 497 498 499 500 501 502 503 504 505 506 507 508 509 510 511 512 513 514 515 516 517 518 519 520 521 522 523 524 525 526 527 528 529 530 531 532 533 534 535 536 537 538 539 540 541 542 543 544 560 599 605 647 650 662 665 666 667 668 670 671 672 689 692 693 694 695 696 697 698 699 700 701 702 703 704 705 753 761 771 772 773 774 775 777 779 782 783 784 786 922 923 924 925 926 927 928 929 930 931 932 933 934 935 936 937 938 939 940 941 942 943 944 945 946 947 948 949 950 951 952 953 954 955 956 957 958 959 960 961 962 963 964 965 966 967 968 969 970 972 973 974 975 976 977 978 979 980 981 982 983 984 985 986 987 988 990 991 993 994 995 998 999 1015 1016 1019 1020 1021 1022 1023 1025 1031
49,3,37122.17176213364,38585.70200000006,0.0,52 53 54 55 56 57 58 59 60 61 62 63 64 65 66 67 68 69 70 71 72 73 74 76 77 79 80 81 82 83 84 85 86 87 88 89 90 91 92 93 94 95 96 97 98 99 100 101 102 103 104 105 106 107 108 110 111 112 113 114 115 116 117 118 131 132 133 134 135 136 218 219 220 221 222 223 224 225 563 564
49,4,0.0,126121.37399999973,109126.59225375441,119 120 125 126 128 129 130 137 138 139 140 141 142 143 146 147 148 149 150 151 152 153 154 155 156 157 158 159 160 161 162 163 164 165 166 167 168 169 170 171 172 173 174 175 176 177 178 179 180 181 182 183 184 185 186 187 188 189 190 191 192 193 194 195 196 197 198 199 200 201 202 203 204 205 206 207 208 209 210 211 212 213 214 215 216 217 309 310 311 312 313 314 315 316 317 318 319 320 321 322 323 324 325 326 327 328 329 330 331 332 333 334 335 336 337 338 339 340 341 342 343 344 345 346 347 348 349 350 351 352 353 354 355 356 357 358 359 360 361 362 363 364 365 366 367 368 370 371 372 373 374 379 380 381 382 383 391 392 393 394 395 396 397 398 401 410 411 412 413 764 765 814 817 819 822 823 824 825 827 831 832 833 836 837 838 839 840 841 842 843 844 845 846 847 848 849 850 851 852 853 854 855 856 857 858 859 860 861 862 863 864 865 866 867 868 869 870 871 873 874 875 876 877 878 879 903 1089 1094 1095 1096 1099 1100 1101 1102 1104
49,5,39506.4404048774,43374.444999999934,0.0,144 145 226 227 228 229 230 231 232 233 234 235 236 237 238 239 240 241 242 243 244 245 246 247 248 249 250 251 252 253 254 255 256 257 258 259 260 261 262 263 264 265 266 267 268 269 270 271 272 273 274 275 276 277 278 279 280 281 282 283 284 285 286 287 288 289 290 291 292 293 294 295 296 297 298 299 300 301 302 303 304 305 306 307 308 384 385 386 387 388 389 390 399 400 402 403 404 405
49,6,55537.616394791665,19654.352000000003,0.0,1267 1311 1312 1338 1339 1340 1341 1342 1348 1349 1350 1351 1352 1353 1354 1355 1356 1357 1358 1359 1360 1361 1362 1363 1364 1367 1368 1369 1370 1371 1372 1373 1374 1375 1376 1377 1378 1379 1380 1381 1382 1383 1384 1385 1386 1387 1388 1389 1390 1391 1392 1393 1394 1395 1396 1397 1398 1399 1400 1401 1402 1403 1404 1405 1406 1407 1408 1409 1410 1411 1412 1413 1414 1415 1416 1417 1418
49,7,55537.616394791665,35183.712,0.0,48 51 414 415 417 1272 1273 1274 1275 1276 1277 1278 1279 1280 1281 1282 1283 1284 1285 1286 1287 1288 1289 1290 1291 1292 1293 1294 1295 1296 1297 1298 1299 1300 1301 1302 1303 1304 1305 1306 1307 1308 1309 1310 1313 1314 1315 1316 1317 1318 1319 1320 1321 1322 1323 1324 1325 1326 1327 1328 1329 1330 1331 1332 1343 1344 1345 1346 1347
49,8,0.0,120279.57600000002,101627.18454779137,369 375 376 377 378 406 407 408 409 691 766 767 768 769 770 778 780 781 785 872 880 881 882 883 884 885 886 887 888 889 890 891 892 893 894 895 896 897 898 899 900 901 902 904 905 906 907 908 909 910 911 912 913 914 915 916 917 918 919 920 921 971 989 992 996 997 1000 1001 1002 1003 1004 1005 1006 1007 1008 1009 1010 1011 1012 1013 1014 1024 1026 1027 1028 1029 1032 1035 1036 1038 1039 1041 1042 1044 1045 1046 1047 1048 1049 1050 1051 1052 1053 1054 1055 1056 1057 1058 1059 1060 1061 1062 1063 1064 1065 1066 1067 1068 1069 1070 1071 1072 1073 1074 1075 1076 1077 1078 1079 1080 1081 1082 1083 1084 1085 1086 1087 1088 1090 1091 1092 1093 1097 1098 1103 1105 1106 1107 1108 1109 1110 1111 1112 1113 1114 1115 1116 1117 1118 1119 1120 1121 1122 1123 1124 1125 1126 1127 1128 1129 1130 1131 1132 1133 1134 1135 1136 1137 1138 1139 1140 1141 1142 1143 1144 1145 1146 1147 1148 1149 1150 1151 1152 1153 1154 1155 1156 1157 1158 1159 1160 1161 1162 1163 1164 1165 1166 1167 1168 1169 1170 1171 1172 1173 1174 1175
49,9,11146.169764325496,71802.92700000004,0.0,416 424 425 426 427 428 435 436 437 438 439 440 441 442 443 444 445 446 447 448 449 450 451 452 453 454 455 456 457 458 459 460 461 462 463 464 465 466 467 468 469 470 471 1017 1018 1030 1033 1034 1037 1040 1043 1176 1177 1178 1179 1180 1181 1182 1183 1184 1185 1186 1187 1188 1189 1190 1191 1192 1193 1194 1195 1196 1197 1198 1199 1200 1201 1202 1203 1204 1205 1206 1207 1208 1209 1210 1211 1212 1213 1214 1215 1216 1217 1218 1219 1220 1221 1222 1223 1224 1225 1226 1227 1228 1229 1230 1231 1232 1233 1234 1235 1236 1237 1238 1239 1240 1241 1242 1243 1244 1245 1246 1247 1248 1249 1250 1251 1252 1253 1254 1255 1256 1257 1258 1259 1260 1261 1262 1263 1264 1265 1266 1268 1269 1270 1271 1333 1334 1335 1336 1337 1365 1366
50,0,4.092726157978177e-12,129928.68800000001,128461.46103995216,109 121 122 123 124 127 556 558 559 565 566 567 568 569 570 571 572 573 574 575 576 577 578 579 580 581 582 583 584 585 586 587 588 589 590 591 592 593 594 595 596 597 598 600 601 602 603 604 606 607 608 609 610 611 612 613 614 615 616 617 618 619 620 621 622 623 624 625 626 627 628 629 630 631 632 633 634 635 636 637 638 639 640 641 642 643 644 645 646 648 649 651 652 653 654 655 656 657 658 659 660 661 663 664 669 673 674 675 676 677 678 679 680 681 682 683 684 685 686 687 688 690 706 707 708 709 710 711 712 713 714 715 716 717 718 719 720 721 722 723 724 725 726 727 728 729 730 731 732 733 734 735 736 737 738 739 740 741 742 743 744 745 746 747 748 749 750 751 752 754 755 756 757 758 759 760 762 763 776 787 788 789 790 791 792 793 794 795 796 797 798 799 800 801 802 803 804 805 806 807 808 809 810 811 812 813 815 816 818 820 821 826 828 829 830 834 835
50,1,0.0,56002.524999999994,0.0,0 1 2 3 4 5 6 7 8 9 10 11 12 13 14 15 16 17 18 19 20 21 22 23 24 25 26 27 28 29 30 31 32 33 34 35 36 37 38 39 40 41 42 43 44 45 46 47 49 50 75 78 418 419 472 473 474 475 476 545 546 547 548 549 550 551 552 553 554 555 557 561 562
50,2,0.0,129949.19600000005,121819.3136608681,420 421 422 423 429 430 431 432 433 434 477 478 479 480 481 482 483 484 485 486 487 488 489 490 491 492 493 494 495 496 497 498 499 500 501 502 503 504 505 506 507 508 509 510 511 512 513 514 515 516 517 518 519 520 521 522 523 524 525 526 527 528 529 530 531 532 533 534 535 536 537 538 539 540 541 542 543 544 560 599 605 647 650 662 665 666 667 668 670 671 672 689 692 693 694 695 696 697 698 699 700 701 702 703 704 705 753 761 771 772 773 774 775 777 779 782 783 784 786 922 923 924 925 926 927 928 929 930 931 932 933 934 935 936 937 938 939 940 941 942 943 944 945 946 947 948 949 950 951 952 953 954 955 956 957 958 959 960 961 962 963 964 965 966 967 968 969 970 972 973 974 975 976 977 978 979 980 981 982 983 984 985 986 987 988 990 991 993 994 995 998 999 1015 1016 1019 1020 1021 1022 1023 1025 1031
50,3,25888.77044580462,40344.26200000002,0.0,52 53 54 55 56 57 58 59 60 61 62 63 64 65 66 67 68 69 70 71 72 73 74 76 77 79 80 81 82 83 84 85 86 87 88 89 90 91 92 93 94 95 96 97 98 99 100 101 102 103 104 105 106 107 108 110 111 112 113 114 115 116 117 118 131 132 133 134 135 136 218 219 220 221 222 223 224 225 563 564
50,4,3.637978807091713e-12,129953.34899999993,112958.5672537546,119 120 125 126 128 129 130 137 138 139 140 141 142 143 146 147 148 149 150 151 152 153 154 155 156 157 158 159 160 161 162 163 164 165 166 167 168 169 170 171 172 173 174 175 176 177 178 179 180 181 182 183 184 185 186 187 188 189 190 191 192 193 194 195 196 197 198 199 200 201 202 203 204 205 206 207 208 209 210 211 212 213 214 215 216 217 309 310 311 312 313 314 315 316 317 318 319 320 321 322 323 324 325 326 327 328 329 330 331 332 333 334 335 336 337 338 339 340 341 342 343 344 345 346 347 348 349 350 351 352 353 354 355 356 357 358 359 360 361 362 363 364 365 366 367 368 370 371 372 373 374 379 380 381 382 383 391 392 393 394 395 396 397 398 401 410 411 412 413 764 765 814 817 819 822 823 824 825 827 831 832 833 836 837 838 839 840 841 842 843 844 845 846 847 848 849 850 851 852 853 854 855 856 857 858 859 860 861 862 863 864 865 866 867 868 869 870 871 873 874 875 876 877 878 879 903 1089 1094 1095 1096 1099 1100 1101 1102 1104
50,5,28149.70340992025,46815.20599999996,0.0,144 145 226 227 228 229 230 231 232 233 234 235 236 237 238 239 240 241 242 243 244 245 246 247 248 249 250 251 252 253 254 255 256 257 258 259 260 261 262 263 264 265 266 267 268 269 270 271 272 273 274 275 276 277 278 279 280 281 282 283 284 285 286 287 288 289 290 291 292 293 294 295 296 297 298 299 300 301 302 303 304 305 306 307 308 384 385 386 387 388 389 390 399 400 402 403 404 405
50,6,55537.616394791665,22203.507999999994,0.0,1267 1311 1312 1338 1339 1340 1341 1342 1348 1349 1350 1351 1352 1353 1354 1355 1356 1357 1358 1359 1360 1361 1362 1363 1364 1367 1368 1369 1370 1371 1372 1373 1374 1375 1376 1377 1378 1379 1380 1381 1382 1383 1384 1385 1386 1387 1388 1389 1390 1391 1392 1393 1394 1395 1396 1397 1398 1399 1400 1401 1402 1403 1404 1405 1406 1407 1408 1409 1410 1411 1412 1413 1414 1415 1416 1417 1418
50,7,55537.616394791665,34936.365999999995,0.0,48 51 414 415 417 1272 1273 1274 1275 1276 1277 1278 1279 1280 1281 1282 1283 1284 1285 1286 1287 1288 1289 1290 1291 1292 1293 1294 1295 1296 1297 1298 1299 1300 1301 1302 1303 1304 1305 1306 1307 1308 1309 1310 1313 1314 1315 1316 1317 1318 1319 1320 1321 1322 1323 1324 1325 1326 1327 1328 1329 1330 1331 1332 1343 1344 1345 1346 1347
50,8,0.0,125176.78999999996,106524.39854779132,369 375 376 377 378 406 407 408 409 691 766 767 768 769 770 778 780 781 785 872 880 881 882 883 884 885 886 887 888 889 890 891 892 893 894 895 896 897 898 899 900 901 902 904 905 906 907 908 909 910 911 912 913 914 915 916 917 918 919 920 921 971 989 992 996 997 1000 1001 1002 1003 1004 1005 1006 1007 1008 1009 1010 1011 1012 1013 1014 1024 1026 1027 1028 1029 1032 1035 1036 1038 1039 1041 1042 1044 1045 1046 1047 1048 1049 1050 1051 1052 1053 1054 1055 1056 1057 1058 1059 1060 1061 1062 1063 1064 1065 1066 1067 1068 1069 1070 1071 1072 1073 1074 1075 1076 1077 1078 1079 1080 1081 1082 1083 1084 1085 1086 1087 1088 1090 1091 1092 1093 1097 1098 1103 1105 1106 1107 1108 1109 1110 1111 1112 1113 1114 1115 1116 1117 1118 1119 1120 1121 1122 1123 1124 1125 1126 1127 1128 1129 1130 1131 1132 1133 1134 1135 1136 1137 1138 1139 1140 1141 1142 1143 1144 1145 1146 1147 1148 1149 1150 1151 1152 1153 1154 1155 1156 1157 1158 1159 1160 1161 1162 1163 1164 1165 1166 1167 1168 1169 1170 1171 1172 1173 1174 1175
50,9,0.0,72595.11999999998,34037.469866140615,416 424 425 426 427 428 435 436 437 438 439 440 441 442 443 444 445 446 447 448 449 450 451 452 453 454 455 456 457 458 459 460 461 462 463 464 465 466 467 468 469 470 471 1017 1018 1030 1033 1034 1037 1040 1043 1176 1177 1178 1179 1180 1181 1182 1183 1184 1185 1186 1187 1188 1189 1190 1191 1192 1193 1194 1195 1196 1197 1198 1199 1200 1201 1202 1203 1204 1205 1206 1207 1208 1209 1210 1211 1212 1213 1214 1215 1216 1217 1218 1219 1220 1221 1222 1223 1224 1225 1226 1227 1228 1229 1230 1231 1232 1233 1234 1235 1236 1237 1238 1239 1240 1241 1242 1243 1244 1245 1246 1247 1248 1249 1250 1251 1252 1253 1254 1255 1256 1257 1258 1259 1260 1261 1262 1263 1264 1265 1266 1268 1269 1270 1271 1333 1334 1335 1336 1337 1365 1366
51,0,0.0,129673.326,128206.09903995214,123 124 127 129 130 566 567 568 569 570 571 572 573 574 575 576 577 578 579 580 581 582 583 584 585 586 587 588 589 590 591 592 593 594 595 596 597 598 600 601 602 603 604 606 607 608 609 610 611 612 613 614 615 616 617 618 619 620 621 622 623 624 625 626 627 628 629 630 631 632 633 634 635 636 637 638 639 640 641 642 643 644 645 646 648 649 651 652 653 654 655 656 657 658 659 660 661 663 664 668 669 673 674 675 676 677 678 679 680 681 682 683 684 685 686 687 688 690 692 706 707 708 709 710 711 712 713 714 715 716 717 718 719 720 721 722 723 724 725 726 727 728 729 730 731 732 733 734 735 736 737 738 739 740 741 742 743 744 745 746 747 748 749 750 751 752 753 754 755 756 757 759 760 762 776 777 787 788 789 790 791 792 793 794 795 796 797 798 799 800 801 802 803 804 805 807 808 809 810 811 812 813 814 815 818 821 826 827 828 830 832 833
51,1,0.0,62608.06100000001,36125.099768888016,0 1 2 3 4 5 6 7 8 9 10 11 12 13 14 15 16 17 18 19 20 21 22 23 24 25 26 27 28 29 30 31 32 33 34 35 36 37 38 39 40 41 42 43 44 45 46 47 49 50 75 78 418 419 472 473 474 475 476 477 478 479 484 490 527 528 545 546 547 548 549 550 551 552 553 554 555 556 557 558 559 561 562 563 599
51,2,0.0,127021.8499999997,118891.96766086774,420 421 422 429 430 432 441 480 481 482 483 485 486 487 488 489 491 492 493 494 495 496 497 498 499 500 501 502 503 504 505 506 507 508 509 510 511 512 513 514 515 516 517 518 519 520 521 522 523 524 525 526 529 530 531 532 533 534 535 536 537 538 539 541 542 543 544 560 605 647 650 662 665 666 667 670 671 672 689 691 693 694 695 696 697 698 699 700 701 702 703 704 705 767 771 772 773 774 775 778 783 784 885 922 923 924 925 926 927 928 929 930 931 932 933 934 935 936 938 939 940 941 942 943 944 945 946 947 948 949 950 951 952 953 954 955 956 957 958 959 960 961 962 963 964 965 966 967 968 969 970 971 972 973 974 975 976 977 978 979 980 981 982 983 984 985 986 987 988 989 990 991 992 993 994 995 999 1016 1019 1020 1021 1022 1023 1024 1025
51,3,55537.616394791665,47494.24000000011,48032.22526531613,52 53 54 55 56 57 58 59 60 61 62 63 64 65 66 67 68 69 70 71 72 73 74 76 77 79 80 81 82 83 84 85 86 87 88 89 90 91 92 93 94 95 96 97 98 99 100 101 102 103 104 105 106 107 108 109 110 111 112 113 114 115 116 117 118 119 121 122 125 131 132 133 134 135 136 137 218 219 220 221 222 223 224 225 564 565
51,4,0.0,118752.89499999973,101758.11325375439,120 126 128 138 139 140 141 147 148 150 151 152 153 154 155 156 157 158 159 160 161 162 163 164 165 166 167 168 169 170 171 172 173 174 175 176 177 178 179 180 181 182 183 184 185 186 187 188 189 190 191 192 193 194 195 196 197 198 199 200 201 202 203 204 205 206 207 208 209 210 211 212 213 214 215 216 217 309 310 311 312 313 314 315 316 317 318 319 320 321 322 323 324 325 326 327 328 329 330 331 332 333 334 335 336 337 338 339 340 341 342 343 344 345 346 347 348 349 350 351 352 353 354 355 356 357 358 359 360 361 362 363 364 365 367 368 370 371 372 373 374 379 380 381 382 391 394 395 396 397 410 411 412 761 764 806 816 817 819 820 822 823 824 825 829 831 834 835 836 837 838 839 840 841 842 843 844 845 846 847 849 850 851 852 853 854 855 856 857 858 859 860 861 862 863 864 865 866 867 868 869 870 871 873 874 875 876 878 879 1094 1095 1096 1099 1100 1101 1104
51,5,55537.616394791665,50044.48500000002,41973.92897982862,142 143 144 145 146 149 226 227 228 229 230 231 232 233 234 235 236 237 238 239 240 241 242 243 244 245 246 247 248 249 250 251 252 253 254 255 256 257 258 259 260 261 262 263 264 265 266 267 268 269 270 271 272 273 274 275 276 277 278 279 280 281 282 283 284 285 286 287 288 289 290 291 292 293 294 295 296 297 298 299 300 301 302 303 304 305 306 307 308 383 384 385 386 387 388 389 390 392 393 398 399 400 401 402 403 404 405
51,6,55537.616394791665,22691.194999999996,0.0,1267 1311 1312 1338 1339 1340 1341 1342 1348 1349 1350 1351 1352 1353 1354 1355 1356 1357 1358 1359 1360 1361 1362 1363 1364 1367 1368 1369 1370 1371 1372 1373 1374 1375 1376 1377 1378 1379 1380 1381 1382 1383 1384 1385 1386 1387 1388 1389 1390 1391 1392 1393 1394 1395 1396 1397 1398 1399 1400 1401 1402 1403 1404 1405 1406 1407 1408 1409 1410 1411 1412 1413 1414 1415 1416 1417 1418
51,7,55537.616394791665,36135.211,0.0,48 51 414 415 417 1272 1273 1274 1275 1276 1277 1278 1279 1280 1281 1282 1283 1284 1285 1286 1287 1288 1289 1290 1291 1292 1293 1294 1295 1296 1297 1298 1299 1300 1301 1302 1303 1304 1305 1306 1307 1308 1309 1310 1313 1314 1315 1316 1317 1318 1319 1320 1321 1322 1323 1324 1325 1326 1327 1328 1329 1330 1331 1332 1343 1344 1345 1346 1347
51,8,0.0,122892.135,104239.74354779135,366 369 375 376 377 378 406 407 408 409 413 758 763 765 766 768 769 770 779 780 781 782 785 786 848 872 877 880 881 882 883 884 886 887 888 889 890 891 892 893 894 895 896 897 898 899 900 901 902 903 904 905 906 907 908 909 910 911 912 913 914 915 916 917 918 919 920 921 996 997 998 1000 1001 1002 1003 1004 1005 1006 1007 1008 1009 1010 1011 1012 1013 1014 1027 1028 1038 1039 1044 1045 1046 1047 1048 1049 1050 1051 1052 1053 1054 1055 1056 1057 1058 1059 1060 1061 1062 1063 1064 1065 1066 1068 1069 1071 1072 1073 1074 1075 1076 1077 1078 1079 1080 1081 1082 1083 1084 1085 1086 1087 1088 1089 1090 1091 1092 1093 1097 1098 1102 1103 1105 1106 1107 1108 1109 1110 1111 1112 1113 1114 1115 1116 1117 1118 1119 1120 1121 1122 1123 1124 1125 1126 1127 1128 1129 1130 1131 1132 1133 1134 1135 1136 1137 1138 1139 1140 1141 1142 1143 1144 1145 1146 1147 1148 1149 1150 1151 1152 1153 1154 1155 1156 1157 1158 1159 1160 1161 1162 1163 1164 1165 1166 1167 1169 1170 1172 1173 1174 1175
51,9,0.0,83067.09599999999,55655.61563046612,416 423 424 425 426 427 428 431 433 434 435 436 437 438 439 440 442 443 444 445 446 447 448 449 450 451 452 453 454 455 456 457 458 459 460 461 462 463 464 465 466 467 468 469 470 471 540 937 1015 1017 1018 1026 1029 1030 1031 1032 1033 1034 1035 1036 1037 1040 1041 1042 1043 1067 1070 1168 1171 1176 1177 1178 1179 1180 1181 1182 1183 1184 1185 1186 1187 1188 1189 1190 1191 1192 1193 1194 1195 1196 1197 1198 1199 1200 1201 1202 1203 1204 1205 1206 1207 1208 1209 1210 1211 1212 1213 1214 1215 1216 1217 1218 1219 1220 1221 1222 1223 1224 1225 1226 1227 1228 1229 1230 1231 1232 1233 1234 1235 1236 1237 1238 1239 1240 1241 1242 1243 1244 1245 1246 1247 1248 1249 1250 1251 1252 1253 1254 1255 1256 1257 1258 1259 1260 1261 1262 1263 1264 1265 1266 1268 1269 1270 1271 1333 1334 1335 1336 1337 1365 1366
52,0,0.0,129226.19400000006,128814.90453548302,123 124 127 129 130 566 567 568 569 570 571 572 573 574 575 576 577 578 579 580 581 582 583 584 585 586 587 588 589 590 591 592 593 594 595 596 597 598 600 601 602 603 604 606 607 608 609 610 611 612 613 614 615 616 617 618 619 620 621 622 623 624 625 626 627 628 629 630 631 632 633 634 635 636 637 638 639 640 641 642 643 644 645 646 648 649 651 652 653 654 655 656 657 658 659 660 661 663 664 668 669 673 674 675 676 677 678 679 680 681 682 683 684 685 686 687 688 690 692 706 707 708 709 710 711 712 713 714 715 716 717 718 719 720 721 722 723 724 725 726 727 728 729 730 731 732 733 734 735 736 737 738 739 740 741 742 743 744 745 746 747 748 749 750 751 752 753 754 755 756 757 759 760 762 776 777 787 788 789 790 791 792 793 794 795 796 797 798 799 800 801 802 803 804 805 807 808 809 810 811 812 813 814 815 818 821 826 827 828 830 832 833
52,1,0.0,61733.842000000004,54388.125420248194,0 1 2 3 4 5 6 7 8 9 10 11 12 13 14 15 16 17 18 19 20 21 22 23 24 25 26 27 28 29 30 31 32 33 34 35 36 37 38 39 40 41 42 43 44 45 46 47 49 50 75 78 418 419 472 473 474 475 476 477 478 479 484 490 527 528 545 546 547 548 549 550 551 552 553 554 555 556 557 558 559 561 562 563 599
52,2,0.0,129541.90999999984,127217.51525102758,420 421 422 429 430 432 441 480 481 482 483 485 486 487 488 489 491 492 493 494 495 496 497 498 499 500 501 502 503 504 505 506 507 508 509 510 511 512 513 514 515 516 517 518 519 520 521 522 523 524 525 526 529 530 531 532 533 534 535 536 537 538 539 541 542 543 544 560 605 647 650 662 665 666 667 670 671 672 689 691 693 694 695 696 697 698 699 700 701 702 703 704 705 767 771 772 773 774 775 778 783 784 885 922 923 924 925 926 927 928 929 930 931 932 933 934 935 936 938 939 940 941 942 943 944 945 946 947 948 949 950 951 952 953 954 955 956 957 958 959 960 961 962 963 964 965 966 967 968 969 970 971 972 973 974 975 976 977 978 979 980 981 982 983 984 985 986 987 988 989 990 991 992 993 994 995 999 1016 1019 1020 1021 1022 1023 1024 1025
52,3,14880.414448231219,49015.55499999996,0.0,52 53 54 55 56 57 58 59 60 61 62 63 64 65 66 67 68 69 70 71 72 73 74 76 77 79 80 81 82 83 84 85 86 87 88 89 90 91 92 93 94 95 96 97 98 99 100 101 102 103 104 105 106 107 108 109 110 111 112 113 114 115 116 117 118 119 121 122 125 131 132 133 134 135 136 137 218 219 220 221 222 223 224 225 564 565
52,4,0.0,125963.73099999978,121222.18673642426,120 126 128 138 139 140 141 147 148 150 151 152 153 154 155 156 157 158 159 160 161 162 163 164 165 166 167 168 169 170 171 172 173 174 175 176 177 178 179 180 181 182 183 184 185 186 187 188 189 190 191 192 193 194 195 196 197 198 199 200 201 202 203 204 205 206 207 208 209 210 211 212 213 214 215 216 217 309 310 311 312 313 314 315 316 317 318 319 320 321 322 323 324 325 326 327 328 329 330 331 332 333 334 335 336 337 338 339 340 341 342 343 344 345 346 347 348 349 350 351 352 353 354 355 356 357 358 359 360 361 362 363 364 365 367 368 370 371 372 373 374 379 380 381 382 391 394 395 396 397 410 411 412 761 764 806 816 817 819 820 822 823 824 825 829 831 834 835 836 837 838 839 840 841 842 843 844 845 846 847 849 850 851 852 853 854 855 856 857 858 859 860 861 862 863 864 865 866 867 868 869 870 871 873 874 875 876 878 879 1094 1095 1096 1099 1100 1101 1104
52,5,14455.324698357952,51319.229000000014,0.0,142 143 144 145 146 149 226 227 228 229 230 231 232 233 234 235 236 237 238 239 240 241 242 243 244 245 246 247 248 249 250 251 252 253 254 255 256 257 258 259 260 261 262 263 264 265 266 267 268 269 270 271 272 273 274 275 276 277 278 279 280 281 282 283 284 285 286 287 288 289 290 291 292 293 294 295 296 297 298 299 300 301 302 303 304 305 306 307 308 383 384 385 386 387 388 389 390 392 393 398 399 400 401 402 403 404 405
52,6,44872.580744985054,23725.516000000014,0.0,1267 1311 1312 1338 1339 1340 1341 1342 1348 1349 1350 1351 1352 1353 1354 1355 1356 1357 1358 1359 1360 1361 1362 1363 1364 1367 1368 1369 1370 1371 1372 1373 1374 1375 1376 1377 1378 1379 1380 1381 1382 1383 1384 1385 1386 1387 1388 1389 1390 1391 1392 1393 1394 1395 1396 1397 1398 1399 1400 1401 1402 1403 1404 1405 1406 1407 1408 1409 1410 1411 1412 1413 1414 1415 1416 1417 1418
52,7,31772.263041000842,36768.34299999999,0.0,48 51 414 415 417 1272 1273 1274 1275 1276 1277 1278 1279 1280 1281 1282 1283 1284 1285 1286 1287 1288 1289 1290 1291 1292 1293 1294 1295 1296 1297 1298 1299 1300 1301 1302 1303 1304 1305 1306 1307 1308 1309 1310 1313 1314 1315 1316 1317 1318 1319 1320 1321 1322 1323 1324 1325 1326 1327 1328 1329 1330 1331 1332 1343 1344 1345 1346 1347
52,8,0.0,128815.851,123668.74258754795,366 369 375 376 377 378 406 407 408 409 413 758 763 765 766 768 769 770 779 780 781 782 785 786 848 872 877 880 881 882 883 884 886 887 888 889 890 891 892 893 894 895 896 897 898 899 900 901 902 903 904 905 906 907 908 909 910 911 912 913 914 915 916 917 918 919 920 921 996 997 998 1000 1001 1002 1003 1004 1005 1006 1007 1008 1009 1010 1011 1012 1013 1014 1027 1028 1038 1039 1044 1045 1046 1047 1048 1049 1050 1051 1052 1053 1054 1055 1056 1057 1058 1059 1060 1061 1062 1063 1064 1065 1066 1068 1069 1071 1072 1073 1074 1075 1076 1077 1078 1079 1080 1081 1082 1083 1084 1085 1086 1087 1088 1089 1090 1091 1092 1093 1097 1098 1102 1103 1105 1106 1107 1108 1109 1110 1111 1112 1113 1114 1115 1116 1117 1118 1119 1120 1121 1122 1123 1124 1125 1126 1127 1128 1129 1130 1131 1132 1133 1134 1135 1136 1137 1138 1139 1140 1141 1142 1143 1144 1145 1146 1147 1148 1149 1150 1151 1152 1153 1154 1155 1156 1157 1158 1159 1160 1161 1162 1163 1164 1165 1166 1167 1169 1170 1172 1173 1174 1175
52,9,0.0,88891.96199999998,81305.79967968,416 423 424 425 426 427 428 431 433 434 435 436 437 438 439 440 442 443 444 445 446 447 448 449 450 451 452 453 454 455 456 457 458 459 460 461 462 463 464 465 466 467 468 469 470 471 540 937 1015 1017 1018 1026 1029 1030 1031 1032 1033 1034 1035 1036 1037 1040 1041 1042 1043 1067 1070 1168 1171 1176 1177 1178 1179 1180 1181 1182 1183 1184 1185 1186 1187 1188 1189 1190 1191 1192 1193 1194 1195 1196 1197 1198 1199 1200 1201 1202 1203 1204 1205 1206 1207 1208 1209 1210 1211 1212 1213 1214 1215 1216 1217 1218 1219 1220 1221 1222 1223 1224 1225 1226 1227 1228 1229 1230 1231 1232 1233 1234 1235 1236 1237 1238 1239 1240 1241 1242 1243 1244 1245 1246 1247 1248 1249 1250 1251 1252 1253 1254 1255 1256 1257 1258 1259 1260 1261 1262 1263 1264 1265 1266 1268 1269 1270 1271 1333 1334 1335 1336 1337 1365 1366
53,0,1.7621459846850485e-12,129713.72600000001,129302.43653548296,123 124 127 129 130 566 567 568 569 570 571 572 573 574 575 576 577 578 579 580 581 582 583 584 585 586 587 588 589 590 591 592 593 594 595 596 597 598 600 601 602 603 604 606 607 608 609 610 611 612 613 614 615 616 617 618 619 620 621 622 623 624 625 626 627 628 629 630 631 632 633 634 635 636 637 638 639 640 641 642 643 644 645 646 648 649 651 652 653 654 655 656 657 658 659 660 661 663 664 668 669 673 674 675 676 677 678 679 680 681 682 683 684 685 686 687 688 690 692 706 707 708 709 710 711 712 713 714 715 716 717 718 719 720 721 722 723 724 725 726 727 728 729 730 731 732 733 734 735 736 737 738 739 740 741 742 743 744 745 746 747 748 749 750 751 752 753 754 755 756 757 759 760 762 776 777 787 788 789 790 791 792 793 794 795 796 797 798 799 800 801 802 803 804 805 807 808 809 810 811 812 813 814 815 818 821 826 827 828 830 832 833
53,1,0.0,66423.21100000001,59077.4944202482,0 1 2 3 4 5 6 7 8 9 10 11 12 13 14 15 16 17 18 19 20 21 22 23 24 25 26 27 28 29 30 31 32 33 34 35 36 37 38 39 40 41 42 43 44 45 46 47 49 50 75 78 418 419 472 473 474 475 476 477 478 479 484 490 527 528 545 546 547 548 549 550 551 552 553 554 555 556 557 558 559 561 562 563 599
53,2,5.002220859751105e-12,129933.06299999995,127608.66825102769,420 421 422 429 430 432 441 480 481 482 483 485 486 487 488 489 491 492 493 494 495 496 497 498 499 500 501 502 503 504 505 506 507 508 509 510 511 512 513 514 515 516 517 518 519 520 521 522 523 524 525 526 529 530 531 532 533 534 535 536 537 538 539 541 542 543 544 560 605 647 650 662 665 666 667 670 671 672 689 691 693 694 695 696 697 698 699 700 701 702 703 704 705 767 771 772 773 774 775 778 783 784 885 922 923 924 925 926 927 928 929 930 931 932 933 934 935 936 938 939 940 941 942 943 944 945 946 947 948 949 950 951 952 953 954 955 956 957 958 959 960 961 962 963 964 965 966 967 968 969 970 971 972 973 974 975 976 977 978 979 980 981 982 983 984 985 986 987 988 989 990 991 992 993 994 995 999 1016 1019 1020 1021 1022 1023 1024 1025
53,3,4.9112713895738125e-11,48846.80600000004,25608.03849832939,52 53 54 55 56 57 58 59 60 61 62 63 64 65 66 67 68 69 70 71 72 73 74 76 77 79 80 81 82 83 84 85 86 87 88 89 90 91 92 93 94 95 96 97 98 99 100 101 102 103 104 105 106 107 108 109 110 111 112 113 114 115 116 117 118 119 121 122 125 131 132 133 134 135 136 137 218 219 220 221 222 223 224 225 564 565
53,4,1.8189894035458565e-12,129829.62900000003,125088.08473642451,120 126 128 138 139 140 141 147 148 150 151 152 153 154 155 156 157 158 159 160 161 162 163 164 165 166 167 168 169 170 171 172 173 174 175 176 177 178 179 180 181 182 183 184 185 186 187 188 189 190 191 192 193 194 195 196 197 198 199 200 201 202 203 204 205 206 207 208 209 210 211 212 213 214 215 216 217 309 310 311 312 313 314 315 316 317 318 319 320 321 322 323 324 325 326 327 328 329 330 331 332 333 334 335 336 337 338 339 340 341 342 343 344 345 346 347 348 349 350 351 352 353 354 355 356 357 358 359 360 361 362 363 364 365 367 368 370 371 372 373 374 379 380 381 382 391 394 395 396 397 410 411 412 761 764 806 816 817 819 820 822 823 824 825 829 831 834 835 836 837 838 839 840 841 842 843 844 845 846 847 849 850 851 852 853 854 855 856 857 858 859 860 861 862 863 864 865 866 867 868 869 870 871 873 874 875 876 878 879 1094 1095 1096 1099 1100 1101 1104
53,5,0.0,51245.399999999994,26553.1379980758,142 143 144 145 146 149 226 227 228 229 230 231 232 233 234 235 236 237 238 239 240 241 242 243 244 245 246 247 248 249 250 251 252 253 254 255 256 257 258 259 260 261 262 263 264 265 266 267 268 269 270 271 272 273 274 275 276 277 278 279 280 281 282 283 284 285 286 287 288 289 290 291 292 293 294 295 296 297 298 299 300 301 302 303 304 305 306 307 308 383 384 385 386 387 388 389 390 392 393 398 399 400 401 402 403 404 405
53,6,33932.793095178466,24000.267999999985,0.0,1267 1311 1312 1338 1339 1340 1341 1342 1348 1349 1350 1351 1352 1353 1354 1355 1356 1357 1358 1359 1360 1361 1362 1363 1364 1367 1368 1369 1370 1371 1372 1373 1374 1375 1376 1377 1378 1379 1380 1381 1382 1383 1384 1385 1386 1387 1388 1389 1390 1391 1392 1393 1394 1395 1396 1397 1398 1399 1400 1401 1402 1403 1404 1405 1406 1407 1408 1409 1410 1411 1412 1413 1414 1415 1416 1417 1418
53,7,8265.623687209993,36509.629000000015,0.0,48 51 414 415 417 1272 1273 1274 1275 1276 1277 1278 1279 1280 1281 1282 1283 1284 1285 1286 1287 1288 1289 1290 1291 1292 1293 1294 1295 1296 1297 1298 1299 1300 1301 1302 1303 1304 1305 1306 1307 1308 1309 1310 1313 1314 1315 1316 1317 1318 1319 1320 1321 1322 1323 1324 1325 1326 1327 1328 1329 1330 1331 1332 1343 1344 1345 1346 1347
53,8,0.0,129770.54299999993,124623.43458754788,366 369 375 376 377 378 406 407 408 409 413 758 763 765 766 768 769 770 779 780 781 782 785 786 848 872 877 880 881 882 883 884 886 887 888 889 890 891 892 893 894 895 896 897 898 899 900 901 902 903 904 905 906 907 908 909 910 911 912 913 914 915 916 917 918 919 920 921 996 997 998 1000 1001 1002 1003 1004 1005 1006 1007 1008 1009 1010 1011 1012 1013 1014 1027 1028 1038 1039 1044 1045 1046 1047 1048 1049 1050 1051 1052 1053 1054 1055 1056 1057 1058 1059 1060 1061 1062 1063 1064 1065 1066 1068 1069 1071 1072 1073 1074 1075 1076 1077 1078 1079 1080 1081 1082 1083 1084 1085 1086 1087 1088 1089 1090 1091 1092 1093 1097 1098 1102 1103 1105 1106 1107 1108 1109 1110 1111 1112 1113 1114 1115 1116 1117 1118 1119 1120 1121 1122 1123 1124 1125 1126 1127 1128 1129 1130 1131 1132 1133 1134 1135 1136 1137 1138 1139 1140 1141 1142 1143 1144 1145 1146 1147 1148 1149 1150 1151 1152 1153 1154 1155 1156 1157 1158 1159 1160 1161 1162 1163 1164 1165 1166 1167 1169 1170 1172 1173 1174 1175
53,9,2.7284841053187847e-12,89485.04299999998,81898.88067967999,416 423 424 425 426 427 428 431 433 434 435 436 437 438 439 440 442 443 444 445 446 447 448 449 450 451 452 453 454 455 456 457 458 459 460 461 462 463 464 465 466 467 468 469 470 471 540 937 1015 1017 1018 1026 1029 1030 1031 1032 1033 1034 1035 1036 1037 1040 1041 1042 1043 1067 1070 1168 1171 1176 1177 1178 1179 1180 1181 1182 1183 1184 1185 1186 1187 1188 1189 1190 1191 1192 1193 1194 1195 1196 1197 1198 1199 1200 1201 1202 1203 1204 1205 1206 1207 1208 1209 1210 1211 1212 1213 1214 1215 1216 1217 1218 1219 1220 1221 1222 1223 1224 1225 1226 1227 1228 1229 1230 1231 1232 1233 1234 1235 1236 1237 1238 1239 1240 1241 1242 1243 1244 1245 1246 1247 1248 1249 1250 1251 1252 1253 1254 1255 1256 1257 1258 1259 1260 1261 1262 1263 1264 1265 1266 1268 1269 1270 1271 1333 1334 1335 1336 1337 1365 1366
54,0,0.0,128028.93300000009,127617.64353548305,124 127 497 568 573 575 576 577 578 579 580 581 582 583 584 585 586 587 588 589 590 591 592 593 595 596 597 598 602 603 606 608 609 610 611 612 613 614 615 616 617 618 619 620 621 622 623 624 625 626 627 628 629 630 631 632 633 634 635 636 637 638 639 640 641 642 643 644 645 646 648 649 651 652 653 655 656 657 658 659 661 668 669 673 674 675 676 677 678 679 680 681 682 683 684 685 686 687 688 691 706 707 708 709 710 711 712 713 714 715 716 717 718 719 720 722 723 724 725 726 727 728 729 730 731 732 733 734 735 736 737 738 739 740 741 742 743 744 745 746 747 748 749 750 751 752 753 754 755 756 757 759 762 768 770 787 788 789 790 791 792 793 794 795 796 797 798 799 800 801 802 803 804 805 807 808 809 810 811 812 814 815 816 817 818 819 820 821 826 827 830 833 834
54,1,0.0,75892.29099999991,68546.5744202481,0 1 2 3 4 5 6 7 8 9 10 11 12 13 14 15 16 17 18 19 20 21 22 23 24 25 26 27 28 29 30 31 32 33 34 35 36 37 38 39 40 41 42 43 44 45 46 47 49 50 75 78 418 419 472 473 474 475 476 477 478 479 480 481 482 483 484 486 491 494 523 524 527 533 545 546 547 548 549 550 551 552 553 554 555 556 557 558 559 560 561 562 563 566 567 599 600 601 604 607 654 660
54,2,0.0,118895.21099999995,116570.81625102767,421 485 487 488 489 490 492 493 495 496 498 499 500 501 502 503 504 505 506 507 508 509 510 511 512 513 514 515 516 517 518 519 520 521 522 525 526 528 529 530 531 532 534 535 536 537 538 539 540 541 542 544 605 647 650 662 663 664 665 666 667 670 671 672 689 690 692 693 694 695 696 697 698 699 700 701 702 703 704 705 721 771 772 773 774 775 778 783 922 923 924 925 926 927 928 929 930 931 932 933 934 935 938 939 940 941 942 943 944 945 946 947 948 949 950 951 952 953 954 955 956 957 958 959 960 961 962 963 964 965 966 967 968 969 970 971 974 975 976 977 978 979 980 981 982 983 984 985 986 987 988 989 990 991 994 995 997 998 1021 1023 1024
54,3,0.0,52882.634000000005,44524.28094656048,52 53 54 55 56 57 58 59 60 61 62 63 64 65 66 67 68 69 70 71 72 73 74 76 77 79 80 81 82 83 84 85 86 87 88 89 90 91 92 93 94 95 96 97 98 99 100 101 102 103 104 105 106 107 108 109 110 111 112 113 114 115 116 117 118 119 120 121 122 123 125 126 128 131 132 133 134 135 136 137 139 218 219 220 221 222 223 224 225 564 565 569 570 571 572 574
54,4,0.0,120824.76100000003,116083.21673642451,129 130 138 141 147 148 150 151 152 153 154 155 156 157 158 159 160 161 162 163 164 165 166 167 168 169 170 171 172 173 174 175 176 177 178 179 180 181 182 183 184 185 186 187 188 189 190 191 192 193 194 195 196 197 198 199 200 201 202 203 204 205 206 207 208 209 210 211 212 213 214 215 216 217 309 310 311 312 313 314 315 316 317 318 319 320 321 322 323 324 325 326 327 328 329 330 331 332 333 334 335 336 337 338 339 340 341 342 343 344 345 346 347 348 349 350 351 352 353 354 355 356 357 358 359 361 362 363 364 365 366 367 368 370 371 372 373 374 379 382 391 394 410 411 413 594 760 761 764 765 806 813 822 823 824 825 828 829 831 832 835 836 837 838 839 840 841 842 843 844 845 846 847 848 849 850 851 852 853 854 855 856 857 858 859 860 861 862 863 864 865 866 867 868 869 870 871 873 874 875 876 878 879 1094 1095 1096 1099 1100 1101 1104
54,5,0.0,55548.11899999999,45311.18169643375,140 142 143 144 145 146 149 226 227 228 229 230 231 232 233 234 235 236 237 238 239 240 241 242 243 244 245 246 247 248 249 250 251 252 253 254 255 256 257 258 259 260 261 262 263 264 265 266 267 268 269 270 271 272 273 274 275 276 277 278 279 280 281 282 283 284 285 286 287 288 289 290 291 292 293 294 295 296 297 298 299 300 301 302 303 304 305 306 307 308 360 380 381 383 384 385 386 387 388 389 390 392 393 395 396 397 398 399 400 401 402 403 404 405 412
54,6,31770.98264980659,22409.52000000001,7187.2292044347305,1267 1311 1312 1338 1339 1340 1341 1342 1348 1349 1350 1351 1352 1353 1354 1355 1356 1357 1358 1359 1360 1361 1362 1363 1364 1367 1368 1369 1370 1371 1372 1373 1374 1375 1376 1377 1378 1379 1380 1381 1382 1383 1384 1385 1386 1387 1388 1389 1390 1391 1392 1393 1394 1395 1396 1397 1398 1399 1400 1401 1402 1403 1404 1405 1406 1407 1408 1409 1410 1411 1412 1413 1414 1415 1416 1417 1418
54,7,23212.91835379084,34209.291,36153.59602037168,48 51 414 415 417 1272 1273 1274 1275 1276 1277 1278 1279 1280 1281 1282 1283 1284 1285 1286 1287 1288 1289 1290 1291 1292 1293 1294 1295 1296 1297 1298 1299 1300 1301 1302 1303 1304 1305 1306 1307 1308 1309 1310 1313 1314 1315 1316 1317 1318 1319 1320 1321 1322 1323 1324 1325 1326 1327 1328 1329 1330 1331 1332 1343 1344 1345 1346 1347
54,8,0.0,124245.371,119098.26258754796,369 375 376 377 378 406 407 408 409 758 763 766 767 769 776 777 779 780 781 782 784 785 786 872 877 880 881 882 883 884 885 886 887 888 889 890 891 892 893 894 895 896 897 898 899 900 901 902 903 904 905 906 907 908 909 910 911 912 913 914 915 916 917 918 919 920 921 972 973 996 999 1000 1001 1002 1003 1004 1005 1006 1007 1008 1009 1010 1012 1013 1014 1044 1045 1046 1047 1048 1049 1050 1051 1052 1053 1054 1055 1056 1057 1058 1059 1060 1061 1062 1063 1064 1065 1066 1068 1069 1071 1072 1073 1074 1075 1076 1077 1078 1079 1080 1081 1082 1083 1084 1085 1086 1087 1088 1089 1090 1091 1092 1093 1097 1098 1102 1103 1105 1106 1107 1108 1109 1110 1111 1112 1113 1114 1115 1116 1117 1118 1119 1120 1121 1122 1123 1124 1125 1126 1127 1128 1129 1130 1131 1132 1133 1134 1135 1136 1137 1138 1139 1140 1141 1142 1143 1144 1145 1146 1147 1148 1149 1150 1151 1152 1153 1154 1155 1156 1157 1158 1159 1160 1161 1162 1163 1164 1165 1166 1167 1169 1170 1172 1173 1174 1175
54,9,0.0,102029.00200000007,94442.83967968008,416 420 422 423 424 425 426 427 428 429 430 431 432 433 434 435 436 437 438 439 440 441 442 443 444 445 446 447 448 449 450 451 452 453 454 455 456 457 458 459 460 461 462 463 464 465 466 467 468 469 470 471 543 936 937 992 993 1011 1015 1016 1017 1018 1019 1020 1022 1025 1026 1027 1028 1029 1030 1031 1032 1033 1034 1035 1036 1037 1038 1039 1040 1041 1042 1043 1067 1070 1168 1171 1176 1177 1178 1179 1180 1181 1182 1183 1184 1185 1186 1187 1188 1189 1190 1191 1192 1193 1194 1195 1196 1197 1198 1199 1200 1201 1202 1203 1204 1205 1206 1207 1208 1209 1210 1211 1212 1213 1214 1215 1216 1217 1218 1219 1220 1221 1222 1223 1224 1225 1226 1227 1228 1229 1230 1231 1232 1233 1234 1235 1236 1237 1238 1239 1240 1241 1242 1243 1244 1245 1246 1247 1248 1249 1250 1251 1252 1253 1254 1255 1256 1257 1258 1259 1260 1261 1262 1263 1264 1265 1266 1268 1269 1270 1271 1333 1334 1335 1336 1337 1365 1366
55,0,0.0,126976.64100000006,126565.35153548302,124 127 497 568 573 575 576 577 578 579 580 581 582 583 584 585 586 587 588 589 590 591 592 593 595 596 597 598 602 603 606 608 609 610 611 612 613 614 615 616 617 618 619 620 621 622 623 624 625 626 627 628 629 630 631 632 633 634 635 636 637 638 639 640 641 642 643 644 645 646 648 649 651 652 653 655 656 657 658 659 661 668 669 673 674 675 676 677 678 679 680 681 682 683 684 685 686 687 688 691 706 707 708 709 710 711 712 713 714 715 716 717 718 719 720 722 723 724 725 726 727 728 729 730 731 732 733 734 735 736 737 738 739 740 741 742 743 744 745 746 747 748 749 750 751 752 753 754 755 756 757 759 762 768 770 787 788 789 790 791 792 793 794 795 796 797 798 799 800 801 802 803 804 805 807 808 809 810 811 812 814 815 816 817 818 819 820 821 826 827 830 833 834
55,1,0.0,73955.1259999999,66609.40942024809,0 1 2 3 4 5 6 7 8 9 10 11 12 13 14 15 16 17 18 19 20 21 22 23 24 25 26 27 28 29 30 31 32 33 34 35 36 37 38 39 40 41 42 43 44 45 46 47 49 50 75 78 418 419 472 473 474 475 476 477 478 479 480 481 482 483 484 486 491 494 523 524 527 533 545 546 547 548 549 550 551 552 553 554 555 556 557 558 559 560 561 562 563 566 567 599 600 601 604 607 654 660
55,2,0.0,122409.61800000005,120085.22325102778,421 485 487 488 489 490 492 493 495 496 498 499 500 501 502 503 504 505 506 507 508 509 510 511 512 513 514 515 516 517 518 519 520 521 522 525 526 528 529 530 531 532 534 535 536 537 538 539 540 541 542 544 605 647 650 662 663 664 665 666 667 670 671 672 689 690 692 693 694 695 696 697 698 699 700 701 702 703 704 705 721 771 772 773 774 775 778 783 922 923 924 925 926 927 928 929 930 931 932 933 934 935 938 939 940 941 942 943 944 945 946 947 948 949 950 951 952 953 954 955 956 957 958 959 960 961 962 963 964 965 966 967 968 969 970 971 974 975 976 977 978 979 980 981 982 983 984 985 986 987 988 989 990 991 994 995 997 998 1021 1023 1024
55,3,0.0,52403.726999999984,44045.3739465605,52 53 54 55 56 57 58 59 60 61 62 63 64 65 66 67 68 69 70 71 72 73 74 76 77 79 80 81 82 83 84 85 86 87 88 89 90 91 92 93 94 95 96 97 98 99 100 101 102 103 104 105 106 107 108 109 110 111 112 113 114 115 116 117 118 119 120 121 122 123 125 126 128 131 132 133 134 135 136 137 139 218 219 220 221 222 223 224 225 564 565 569 570 571 572 574
55,4,0.0,124332.03700000004,119590.49273642452,129 130 138 141 147 148 150 151 152 153 154 155 156 157 158 159 160 161 162 163 164 165 166 167 168 169 170 171 172 173 174 175 176 177 178 179 180 181 182 183 184 185 186 187 188 189 190 191 192 193 194 195 196 197 198 199 200 201 202 203 204 205 206 207 208 209 210 211 212 213 214 215 216 217 309 310 311 312 313 314 315 316 317 318 319 320 321 322 323 324 325 326 327 328 329 330 331 332 333 334 335 336 337 338 339 340 341 342 343 344 345 346 347 348 349 350 351 352 353 354 355 356 357 358 359 361 362 363 364 365 366 367 368 370 371 372 373 374 379 382 391 394 410 411 413 594 760 761 764 765 806 813 822 823 824 825 828 829 831 832 835 836 837 838 839 840 841 842 843 844 845 846 847 848 849 850 851 852 853 854 855 856 857 858 859 860 861 862 863 864 865 866 867 868 869 870 871 873 874 875 876 878 879 1094 1095 1096 1099 1100 1101 1104
55,5,0.0,54077.794000000016,43840.856696433766,140 142 143 144 145 146 149 226 227 228 229 230 231 232 233 234 235 236 237 238 239 240 241 242 243 244 245 246 247 248 249 250 251 252 253 254 255 256 257 258 259 260 261 262 263 264 265 266 267 268 269 270 271 272 273 274 275 276 277 278 279 280 281 282 283 284 285 286 287 288 289 290 291 292 293 294 295 296 297 298 299 300 301 302 303 304 305 306 307 308 360 380 381 383 384 385 386 387 388 389 390 392 393 395 396 397 398 399 400 401 402 403 404 405 412
55,6,22305.722999999994,22525.73999999999,0.0,1267 1311 1312 1338 1339 1340 1341 1342 1348 1349 1350 1351 1352 1353 1354 1355 1356 1357 1358 1359 1360 1361 1362 1363 1364 1367 1368 1369 1370 1371 1372 1373 1374 1375 1376 1377 1378 1379 1380 1381 1382 1383 1384 1385 1386 1387 1388 1389 1390 1391 1392 1393 1394 1395 1396 1397 1398 1399 1400 1401 1402 1403 1404 1405 1406 1407 1408 1409 1410 1411 1412 1413 1414 1415 1416 1417 1418
55,7,0.0,36215.908,0.0,48 51 414 415 417 1272 1273 1274 1275 1276 1277 1278 1279 1280 1281 1282 1283 1284 1285 1286 1287 1288 1289 1290 1291 1292 1293 1294 1295 1296 1297 1298 1299 1300 1301 1302 1303 1304 1305 1306 1307 1308 1309 1310 1313 1314 1315 1316 1317 1318 1319 1320 1321 1322 1323 1324 1325 1326 1327 1328 1329 1330 1331 1332 1343 1344 1345 1346 1347
55,8,0.0,124682.77000000003,119535.66158754799,369 375 376 377 378 406 407 408 409 758 763 766 767 769 776 777 779 780 781 782 784 785 786 872 877 880 881 882 883 884 885 886 887 888 889 890 891 892 893 894 895 896 897 898 899 900 901 902 903 904 905 906 907 908 909 910 911 912 913 914 915 916 917 918 919 920 921 972 973 996 999 1000 1001 1002 1003 1004 1005 1006 1007 1008 1009 1010 1012 1013 1014 1044 1045 1046 1047 1048 1049 1050 1051 1052 1053 1054 1055 1056 1057 1058 1059 1060 1061 1062 1063 1064 1065 1066 1068 1069 1071 1072 1073 1074 1075 1076 1077 1078 1079 1080 1081 1082 1083 1084 1085 1086 1087 1088 1089 1090 1091 1092 1093 1097 1098 1102 1103 1105 1106 1107 1108 1109 1110 1111 1112 1113 1114 1115 1116 1117 1118 1119 1120 1121 1122 1123 1124 1125 1126 1127 1128 1129 1130 1131 1132 1133 1134 1135 1136 1137 1138 1139 1140 1141 1142 1143 1144 1145 1146 1147 1148 1149 1150 1151 1152 1153 1154 1155 1156 1157 1158 1159 1160 1161 1162 1163 1164 1165 1166 1167 1169 1170 1172 1173 1174 1175
55,9,0.0,106108.99400000008,98522.8316796801,416 420 422 423 424 425 426 427 428 429 430 431 432 433 434 435 436 437 438 439 440 441 442 443 444 445 446 447 448 449 450 451 452 453 454 455 456 457 458 459 460 461 462 463 464 465 466 467 468 469 470 471 543 936 937 992 993 1011 1015 1016 1017 1018 1019 1020 1022 1025 1026 1027 1028 1029 1030 1031 1032 1033 1034 1035 1036 1037 1038 1039 1040 1041 1042 1043 1067 1070 1168 1171 1176 1177 1178 1179 1180 1181 1182 1183 1184 1185 1186 1187 1188 1189 1190 1191 1192 1193 1194 1195 1196 1197 1198 1199 1200 1201 1202 1203 1204 1205 1206 1207 1208 1209 1210 1211 1212 1213 1214 1215 1216 1217 1218 1219 1220 1221 1222 1223 1224 1225 1226 1227 1228 1229 1230 1231 1232 1233 1234 1235 1236 1237 1238 1239 1240 1241 1242 1243 1244 1245 1246 1247 1248 1249 1250 1251 1252 1253 1254 1255 1256 1257 1258 1259 1260 1261 1262 1263 1264 1265 1266 1268 1269 1270 1271 1333 1334 1335 1336 1337 1365 1366
56,0,0.0,129973.86900000006,129973.86900000006,124 127 497 568 573 575 576 577 578 579 580 581 582 583 584 585 586 587 588 589 590 591 592 593 595 596 597 598 602 603 606 608 609 610 611 612 613 614 615 616 617 618 619 620 621 622 623 624 625 626 627 628 629 630 631 632 633 634 635 636 637 638 639 640 641 642 643 644 645 646 648 649 651 652 653 655 656 657 658 659 661 668 669 673 674 675 676 677 678 679 680 681 682 683 684 685 686 687 688 691 706 707 708 709 710 711 712 713 714 715 716 717 718 719 720 722 723 724 725 726 727 728 729 730 731 732 733 734 735 736 737 738 739 740 741 742 743 744 745 746 747 748 749 750 751 752 753 754 755 756 757 759 762 768 770 787 788 789 790 791 792 793 794 795 796 797 798 799 800 801 802 803 804 805 807 808 809 810 811 812 814 815 816 817 818 819 820 821 826 827 830 833 834
56,1,0.0,80616.99599999996,80616.99599999996,0 1 2 3 4 5 6 7 8 9 10 11 12 13 14 15 16 17 18 19 20 21 22 23 24 25 26 27 28 29 30 31 32 33 34 35 36 37 38 39 40 41 42 43 44 45 46 47 49 50 75 78 418 419 472 473 474 475 476 477 478 479 480 481 482 483 484 486 491 494 523 524 527 533 545 546 547 548 549 550 551 552 553 554 555 556 557 558 559 560 561 562 563 566 567 599 600 601 604 607 654 660
56,2,0.0,129987.88500000007,129987.88500000007,421 485 487 488 489 490 492 493 495 496 498 499 500 501 502 503 504 505 506 507 508 509 510 511 512 513 514 515 516 517 518 519 520 521 522 525 526 528 529 530 531 532 534 535 536 537 538 539 540 541 542 544 605 647 650 662 663 664 665 666 667 670 671 672 689 690 692 693 694 695 696 697 698 699 700 701 702 703 704 705 721 771 772 773 774 775 778 783 922 923 924 925 926 927 928 929 930 931 932 933 934 935 938 939 940 941 942 943 944 945 946 947 948 949 950 951 952 953 954 955 956 957 958 959 960 961 962 963 964 965 966 967 968 969 970 971 974 975 976 977 978 979 980 981 982 983 984 985 986 987 988 989 990 991 994 995 997 998 1021 1023 1024
56,3,0.0,55958.23200000001,55958.232,52 53 54 55 56 57 58 59 60 61 62 63 64 65 66 67 68 69 70 71 72 73 74 76 77 79 80 81 82 83 84 85 86 87 88 89 90 91 92 93 94 95 96 97 98 99 100 101 102 103 104 105 106 107 108 109 110 111 112 113 114 115 116 117 118 119 120 121 122 123 125 126 128 131 132 133 134 135 136 137 139 218 219 220 221 222 223 224 225 564 565 569 570 571 572 574
56,4,0.0,129982.64499999996,129982.64499999996,129 130 138 141 147 148 150 151 152 153 154 155 156 157 158 159 160 161 162 163 164 165 166 167 168 169 170 171 172 173 174 175 176 177 178 179 180 181 182 183 184 185 186 187 188 189 190 191 192 193 194 195 196 197 198 199 200 201 202 203 204 205 206 207 208 209 210 211 212 213 214 215 216 217 309 310 311 312 313 314 315 316 317 318 319 320 321 322 323 324 325 326 327 328 329 330 331 332 333 334 335 336 337 338 339 340 341 342 343 344 345 346 347 348 349 350 351 352 353 354 355 356 357 358 359 361 362 363 364 365 366 367 368 370 371 372 373 374 379 382 391 394 410 411 413 594 760 761 764 765 806 813 822 823 824 825 828 829 831 832 835 836 837 838 839 840 841 842 843 844 845 846 847 848 849 850 851 852 853 854 855 856 857 858 859 860 861 862 863 864 865 866 867 868 869 870 871 873 874 875 876 878 879 1094 1095 1096 1099 1100 1101 1104
56,5,0.0,56087.15600000002,56087.15600000002,140 142 143 144 145 146 149 226 227 228 229 230 231 232 233 234 235 236 237 238 239 240 241 242 243 244 245 246 247 248 249 250 251 252 253 254 255 256 257 258 259 260 261 262 263 264 265 266 267 268 269 270 271 272 273 274 275 276 277 278 279 280 281 282 283 284 285 286 287 288 289 290 291 292 293 294 295 296 297 298 299 300 301 302 303 304 305 306 307 308 360 380 381 383 384 385 386 387 388 389 390 392 393 395 396 397 398 399 400 401 402 403 404 405 412
56,6,0.0,22305.72300000001,0.0,1267 1311 1312 1338 1339 1340 1341 1342 1348 1349 1350 1351 1352 1353 1354 1355 1356 1357 1358 1359 1360 1361 1362 1363 1364 1367 1368 1369 1370 1371 1372 1373 1374 1375 1376 1377 1378 1379 1380 1381 1382 1383 1384 1385 1386 1387 1388 1389 1390 1391 1392 1393 1394 1395 1396 1397 1398 1399 1400 1401 1402 1403 1404 1405 1406 1407 1408 1409 1410 1411 1412 1413 1414 1415 1416 1417 1418
56,7,2.1827872842550278e-11,37659.91599999999,37659.91600000001,48 51 414 415 417 1272 1273 1274 1275 1276 1277 1278 1279 1280 1281 1282 1283 1284 1285 1286 1287 1288 1289 1290 1291 1292 1293 1294 1295 1296 1297 1298 1299 1300 1301 1302 1303 1304 1305 1306 1307 1308 1309 1310 1313 1314 1315 1316 1317 1318 1319 1320 1321 1322 1323 1324 1325 1326 1327 1328 1329 1330 1331 1332 1343 1344 1345 1346 1347
56,8,0.0,129989.48800000007,129989.48800000007,369 375 376 377 378 406 407 408 409 758 763 766 767 769 776 777 779 780 781 782 784 785 786 872 877 880 881 882 883 884 885 886 887 888 889 890 891 892 893 894 895 896 897 898 899 900 901 902 903 904 905 906 907 908 909 910 911 912 913 914 915 916 917 918 919 920 921 972 973 996 999 1000 1001 1002 1003 1004 1005 1006 1007 1008 1009 1010 1012 1013 1014 1044 1045 1046 1047 1048 1049 1050 1051 1052 1053 1054 1055 1056 1057 1058 1059 1060 1061 1062 1063 1064 1065 1066 1068 1069 1071 1072 1073 1074 1075 1076 1077 1078 1079 1080 1081 1082 1083 1084 1085 1086 1087 1088 1089 1090 1091 1092 1093 1097 1098 1102 1103 1105 1106 1107 1108 1109 1110 1111 1112 1113 1114 1115 1116 1117 1118 1119 1120 1121 1122 1123 1124 1125 1126 1127 1128 1129 1130 1131 1132 1133 1134 1135 1136 1137 1138 1139 1140 1141 1142 1143 1144 1145 1146 1147 1148 1149 1150 1151 1152 1153 1154 1155 1156 1157 1158 1159 1160 1161 1162 1163 1164 1165 1166 1167 1169 1170 1172 1173 1174 1175
56,9,0.0,112959.85999999993,112959.85999999993,416 420 422 423 424 425 426 427 428 429 430 431 432 433 434 435 436 437 438 439 440 441 442 443 444 445 446 447 448 449 450 451 452 453 454 455 456 457 458 459 460 461 462 463 464 465 466 467 468 469 470 471 543 936 937 992 993 1011 1015 1016 1017 1018 1019 1020 1022 1025 1026 1027 1028 1029 1030 1031 1032 1033 1034 1035 1036 1037 1038 1039 1040 1041 1042 1043 1067 1070 1168 1171 1176 1177 1178 1179 1180 1181 1182 1183 1184 1185 1186 1187 1188 1189 1190 1191 1192 1193 1194 1195 1196 1197 1198 1199 1200 1201 1202 1203 1204 1205 1206 1207 1208 1209 1210 1211 1212 1213 1214 1215 1216 1217 1218 1219 1220 1221 1222 1223 1224 1225 1226 1227 1228 1229 1230 1231 1232 1233 1234 1235 1236 1237 1238 1239 1240 1241 1242 1243 1244 1245 1246 1247 1248 1249 1250 1251 1252 1253 1254 1255 1256 1257 1258 1259 1260 1261 1262 1263 1264 1265 1266 1268 1269 1270 1271 1333 1334 1335 1336 1337 1365 1366
57,0,0.0,129981.51099999998,129981.51099999998,127 130 154 568 571 572 573 574 575 576 577 579 580 581 582 583 584 585 586 587 588 589 590 591 592 593 594 595 596 597 598 601 602 603 604 607 608 609 610 611 612 613 614 616 617 618 619 620 621 622 623 624 625 626 627 628 629 630 631 632 633 634 635 636 637 638 639 640 641 642 643 644 645 646 651 652 653 654 655 656 657 658 659 660 661 674 675 676 677 678 679 680 681 682 683 684 685 686 687 688 690 706 707 708 709 710 711 712 713 714 715 716 717 718 719 720 721 722 723 724 725 726 727 728 729 730 731 732 733 734 735 736 737 738 739 740 741 742 743 744 745 746 747 748 749 750 751 752 753 754 755 756 757 759 760 762 787 788 789 790 791 792 793 794 795 796 797 798 799 800 801 802 803 804 805 806 807 808 809 810 811 812 814 815 826 827 833
57,1,0.0,75053.924,75053.924,0 1 2 3 4 5 6 7 8 9 10 11 12 13 14 15 16 17 18 19 20 21 22 23 24 25 26 27 28 29 30 31 32 33 34 35 36 37 38 39 40 41 42 43 44 45 46 47 49 50 75 78 418 419 421 472 473 474 475 476 477 478 479 480 482 483 484 486 487 491 492 493 523 524 527 528 545 546 547 548 549 550 551 552 553 554 555 556 557 558 559 560 561 562 563 566 567 599 600 605 606 954 966
57,2,0.0,129720.58699999994,129720.58699999994,481 485 488 489 490 494 495 496 497 498 499 500 501 502 503 504 505 506 507 508 509 510 511 512 513 514 515 516 517 518 519 520 521 522 525 526 529 530 531 532 533 534 535 536 537 538 539 540 541 542 543 544 647 648 649 650 662 663 664 665 666 667 668 669 670 671 672 673 689 691 692 693 694 695 696 697 698 699 700 701 702 703 704 705 771 772 773 774 775 776 778 779 783 786 885 922 923 924 926 927 928 929 930 931 932 933 938 939 940 941 942 943 944 945 946 947 948 949 950 951 952 953 955 956 957 958 959 960 961 962 963 964 965 967 968 969 970 972 973 974 975 976 977 978 979 980 981 982 983 984 985 986 989 994 995 998 1021
57,3,0.0,52641.39699999998,52641.39699999998,52 53 54 55 56 57 58 59 60 61 62 63 64 65 66 67 68 69 70 71 72 73 74 76 77 79 80 81 82 83 84 85 86 87 88 89 90 91 92 93 94 95 96 97 98 99 100 101 102 103 104 105 106 107 108 109 110 111 112 113 114 115 116 117 118 119 120 121 122 123 124 125 128 131 132 133 134 135 136 137 138 139 218 219 220 221 222 223 224 225 564 565 569 570
57,4,0.0,129952.67299999997,129952.67299999997,126 129 147 150 151 152 153 155 156 157 158 159 160 161 162 163 164 165 166 167 168 169 170 171 172 173 174 175 176 177 178 179 180 181 182 183 184 185 186 187 188 189 190 191 192 193 194 195 196 197 198 199 200 201 202 203 204 205 206 207 208 209 210 211 212 213 214 215 216 217 309 310 311 312 313 314 315 316 317 318 319 320 321 322 323 324 325 326 327 328 329 330 331 332 333 334 335 336 337 338 339 340 341 342 343 344 345 346 347 348 349 350 351 352 353 354 356 357 358 359 361 363 364 365 366 367 368 370 371 372 373 374 379 382 391 394 410 413 578 615 761 764 765 813 816 817 818 819 820 821 822 823 824 825 828 829 830 831 832 834 835 836 837 838 839 840 841 842 843 844 845 846 847 848 849 850 851 852 853 854 855 856 857 858 859 860 861 862 863 864 865 866 867 868 869 870 871 873 874 875 876 878 879 1094 1095 1096 1099 1100 1101 1104
57,5,0.0,57041.23200000001,57041.23200000001,140 141 142 143 144 145 146 148 149 226 227 228 229 230 231 232 233 234 235 236 237 238 239 240 241 242 243 244 245 246 247 248 249 250 251 252 253 254 255 256 257 258 259 260 261 262 263 264 265 266 267 268 269 270 271 272 273 274 275 276 277 278 279 280 281 282 283 284 285 286 287 288 289 290 291 292 293 294 295 296 297 298 299 300 301 302 303 304 305 306 307 308 355 360 362 380 381 383 384 385 386 387 388 389 390 392 393 395 396 397 398 399 400 401 402 403 404 405 411 412
57,6,0.0,22803.242,22803.242,1267 1311 1312 1338 1339 1340 1341 1342 1348 1349 1350 1351 1352 1353 1354 1355 1356 1357 1358 1359 1360 1361 1362 1363 1364 1367 1368 1369 1370 1371 1372 1373 1374 1375 1376 1377 1378 1379 1380 1381 1382 1383 1384 1385 1386 1387 1388 1389 1390 1391 1392 1393 1394 1395 1396 1397 1398 1399 1400 1401 1402 1403 1404 1405 1406 1407 1408 1409 1410 1411 1412 1413 1414 1415 1416 1417 1418
57,7,0.0,39085.002,39085.00199999998,48 51 414 415 417 1272 1273 1274 1275 1276 1277 1278 1279 1280 1281 1282 1283 1284 1285 1286 1287 1288 1289 1290 1291 1292 1293 1294 1295 1296 1297 1298 1299 1300 1301 1302 1303 1304 1305 1306 1307 1308 1309 1310 1313 1314 1315 1316 1317 1318 1319 1320 1321 1322 1323 1324 1325 1326 1327 1328 1329 1330 1331 1332 1343 1344 1345 1346 1347
57,8,0.0,129467.50400000002,129467.50400000002,369 375 376 377 378 406 407 408 409 758 763 766 767 768 769 770 777 780 781 782 784 785 872 877 880 881 882 883 884 886 887 888 889 890 891 892 893 894 895 896 897 898 899 900 901 902 903 904 905 906 907 908 909 910 911 912 913 914 915 916 917 918 919 920 921 971 996 997 999 1000 1001 1002 1003 1004 1005 1006 1007 1008 1009 1010 1012 1013 1044 1045 1046 1047 1048 1049 1050 1051 1052 1053 1054 1055 1056 1057 1058 1059 1060 1061 1062 1063 1064 1065 1066 1071 1072 1073 1074 1075 1076 1077 1078 1079 1080 1081 1082 1083 1084 1085 1086 1087 1088 1089 1090 1091 1092 1093 1097 1098 1102 1103 1105 1106 1107 1108 1109 1110 1111 1112 1113 1114 1115 1116 1117 1118 1119 1120 1121 1122 1123 1124 1125 1126 1127 1128 1129 1130 1131 1132 1133 1134 1135 1136 1137 1138 1139 1140 1141 1142 1143 1144 1145 1146 1147 1148 1149 1150 1151 1152 1153 1154 1155 1156 1157 1158 1159 1160 1161 1162 1163 1164 1165 1166 1167 1169 1170 1172 1173 1174 1175
57,9,0.0,126147.47600000001,126147.47600000001,416 420 422 423 424 425 426 427 428 429 430 431 432 433 434 435 436 437 438 439 440 441 442 443 444 445 446 447 448 449 450 451 452 453 454 455 456 457 458 459 460 461 462 463 464 465 466 467 468 469 470 471 925 934 935 936 937 987 988 990 991 992 993 1011 1014 1015 1016 1017 1018 1019 1020 1022 1023 1024 1025 1026 1027 1028 1029 1030 1031 1032 1033 1034 1035 1036 1037 1038 1039 1040 1041 1042 1043 1067 1068 1069 1070 1168 1171 1176 1177 1178 1179 1180 1181 1182 1183 1184 1185 1186 1187 1188 1189 1190 1191 1192 1193 1194 1195 1196 1197 1198 1199 1200 1201 1202 1203 1204 1205 1206 1207 1208 1209 1210 1211 1212 1213 1214 1215 1216 1217 1218 1219 1220 1221 1222 1223 1224 1225 1226 1227 1228 1229 1230 1231 1232 1233 1234 1235 1236 1237 1238 1239 1240 1241 1242 1243 1244 1245 1246 1247 1248 1249 1250 1251 1252 1253 1254 1255 1256 1257 1258 1259 1260 1261 1262 1263 1264 1265 1266 1268 1269 1270 1271 1333 1334 1335 1336 1337 1365 1366
58,0,0.0,129362.29999999997,129362.29999999997,127 130 154 568 571 572 573 574 575 576 577 579 580 581 582 583 584 585 586 587 588 589 590 591 592 593 594 595 596 597 598 601 602 603 604 607 608 609 610 611 612 613 614 616 617 618 619 620 621 622 623 624 625 626 627 628 629 630 631 632 633 634 635 636 637 638 639 640 641 642 643 644 645 646 651 652 653 654 655 656 657 658 659 660 661 674 675 676 677 678 679 680 681 682 683 684 685 686 687 688 690 706 707 708 709 710 711 712 713 714 715 716 717 718 719 720 721 722 723 724 725 726 727 728 729 730 731 732 733 734 735 736 737 738 739 740 741 742 743 744 745 746 747 748 749 750 751 752 753 754 755 756 757 759 760 762 787 788 789 790 791 792 793 794 795 796 797 798 799 800 801 802 803 804 805 806 807 808 809 810 811 812 814 815 826 827 833
58,1,0.0,78221.33199999998,78221.33199999998,0 1 2 3 4 5 6 7 8 9 10 11 12 13 14 15 16 17 18 19 20 21 22 23 24 25 26 27 28 29 30 31 32 33 34 35 36 37 38 39 40 41 42 43 44 45 46 47 49 50 75 78 418 419 421 472 473 474 475 476 477 478 479 480 482 483 484 486 487 491 492 493 523 524 527 528 545 546 547 548 549 550 551 552 553 554 555 556 557 558 559 560 561 562 563 566 567 599 600 605 606 954 966
58,2,0.0,129966.25699999995,129966.25699999995,481 485 488 489 490 494 495 496 497 498 499 500 501 502 503 504 505 506 507 508 509 510 511 512 513 514 515 516 517 518 519 520 521 522 525 526 529 530 531 532 533 534 535 536 537 538 539 540 541 542 543 544 647 648 649 650 662 663 664 665 666 667 668 669 670 671 672 673 689 691 692 693 694 695 696 697 698 699 700 701 702 703 704 705 771 772 773 774 775 776 778 779 783 786 885 922 923 924 926 927 928 929 930 931 932 933 938 939 940 941 942 943 944 945 946 947 948 949 950 951 952 953 955 956 957 958 959 960 961 962 963 964 965 967 968 969 970 972 973 974 975 976 977 978 979 980 981 982 983 984 985 986 989 994 995 998 1021
58,3,49786.657999999996,53066.465,102853.12299999999,52 53 54 55 56 57 58 59 60 61 62 63 64 65 66 67 68 69 70 71 72 73 74 76 77 79 80 81 82 83 84 85 86 87 88 89 90 91 92 93 94 95 96 97 98 99 100 101 102 103 104 105 106 107 108 109 110 111 112 113 114 115 116 117 118 119 120 121 122 123 124 125 128 131 132 133 134 135 136 137 138 139 218 219 220 221 222 223 224 225 564 565 569 570
58,4,0.0,129994.02799999995,129994.02799999995,126 129 147 150 151 152 153 155 156 157 158 159 160 161 162 163 164 165 166 167 168 169 170 171 172 173 174 175 176 177 178 179 180 181 182 183 184 185 186 187 188 189 190 191 192 193 194 195 196 197 198 199 200 201 202 203 204 205 206 207 208 209 210 211 212 213 214 215 216 217 309 310 311 312 313 314 315 316 317 318 319 320 321 322 323 324 325 326 327 328 329 330 331 332 333 334 335 336 337 338 339 340 341 342 343 344 345 346 347 348 349 350 351 352 353 354 356 357 358 359 361 363 364 365 366 367 368 370 371 372 373 374 379 382 391 394 410 413 578 615 761 764 765 813 816 817 818 819 820 821 822 823 824 825 828 829 830 831 832 834 835 836 837 838 839 840 841 842 843 844 845 846 847 848 849 850 851 852 853 854 855 856 857 858 859 860 861 862 863 864 865 866 867 868 869 870 871 873 874 875 876 878 879 1094 1095 1096 1099 1100 1101 1104
58,5,0.0,58841.719,58841.719,140 141 142 143 144 145 146 148 149 226 227 228 229 230 231 232 233 234 235 236 237 238 239 240 241 242 243 244 245 246 247 248 249 250 251 252 253 254 255 256 257 258 259 260 261 262 263 264 265 266 267 268 269 270 271 272 273 274 275 276 277 278 279 280 281 282 283 284 285 286 287 288 289 290 291 292 293 294 295 296 297 298 299 300 301 302 303 304 305 306 307 308 355 360 362 380 381 383 384 385 386 387 388 389 390 392 393 395 396 397 398 399 400 401 402 403 404 405 411 412
58,6,21089.784,22105.709,43195.493,1267 1311 1312 1338 1339 1340 1341 1342 1348 1349 1350 1351 1352 1353 1354 1355 1356 1357 1358 1359 1360 1361 1362 1363 1364 1367 1368 1369 1370 1371 1372 1373 1374 1375 1376 1377 1378 1379 1380 1381 1382 1383 1384 1385 1386 1387 1388 1389 1390 1391 1392 1393 1394 1395 1396 1397 1398 1399 1400 1401 1402 1403 1404 1405 1406 1407 1408 1409 1410 1411 1412 1413 1414 1415 1416 1417 1418
58,7,39368.16399999999,38408.124,77776.288,48 51 414 415 417 1272 1273 1274 1275 1276 1277 1278 1279 1280 1281 1282 1283 1284 1285 1286 1287 1288 1289 1290 1291 1292 1293 1294 1295 1296 1297 1298 1299 1300 1301 1302 1303 1304 1305 1306 1307 1308 1309 1310 1313 1314 1315 1316 1317 1318 1319 1320 1321 1322 1323 1324 1325 1326 1327 1328 1329 1330 1331 1332 1343 1344 1345 1346 1347
58,8,0.0,129346.896,129346.896,369 375 376 377 378 406 407 408 409 758 763 766 767 768 769 770 777 780 781 782 784 785 872 877 880 881 882 883 884 886 887 888 889 890 891 892 893 894 895 896 897 898 899 900 901 902 903 904 905 906 907 908 909 910 911 912 913 914 915 916 917 918 919 920 921 971 996 997 999 1000 1001 1002 1003 1004 1005 1006 1007 1008 1009 1010 1012 1013 1044 1045 1046 1047 1048 1049 1050 1051 1052 1053 1054 1055 1056 1057 1058 1059 1060 1061 1062 1063 1064 1065 1066 1071 1072 1073 1074 1075 1076 1077 1078 1079 1080 1081 1082 1083 1084 1085 1086 1087 1088 1089 1090 1091 1092 1093 1097 1098 1102 1103 1105 1106 1107 1108 1109 1110 1111 1112 1113 1114 1115 1116 1117 1118 1119 1120 1121 1122 1123 1124 1125 1126 1127 1128 1129 1130 1131 1132 1133 1134 1135 1136 1137 1138 1139 1140 1141 1142 1143 1144 1145 1146 1147 1148 1149 1150 1151 1152 1153 1154 1155 1156 1157 1158 1159 1160 1161 1162 1163 1164 1165 1166 1167 1169 1170 1172 1173 1174 1175
58,9,0.0,126334.074,126334.074,416 420 422 423 424 425 426 427 428 429 430 431 432 433 434 435 436 437 438 439 440 441 442 443 444 445 446 447 448 449 450 451 452 453 454 455 456 457 458 459 460 461 462 463 464 465 466 467 468 469 470 471 925 934 935 936 937 987 988 990 991 992 993 1011 1014 1015 1016 1017 1018 1019 1020 1022 1023 1024 1025 1026 1027 1028 1029 1030 1031 1032 1033 1034 1035 1036 1037 1038 1039 1040 1041 1042 1043 1067 1068 1069 1070 1168 1171 1176 1177 1178 1179 1180 1181 1182 1183 1184 1185 1186 1187 1188 1189 1190 1191 1192 1193 1194 1195 1196 1197 1198 1199 1200 1201 1202 1203 1204 1205 1206 1207 1208 1209 1210 1211 1212 1213 1214 1215 1216 1217 1218 1219 1220 1221 1222 1223 1224 1225 1226 1227 1228 1229 1230 1231 1232 1233 1234 1235 1236 1237 1238 1239 1240 1241 1242 1243 1244 1245 1246 1247 1248 1249 1250 1251 1252 1253 1254 1255 1256 1257 1258 1259 1260 1261 1262 1263 1264 1265 1266 1268 1269 1270 1271 1333 1334 1335 1336 1337 1365 1366
59,0,0.0,125062.81200000002,125062.81200000002,127 130 154 568 571 572 573 574 575 576 577 579 580 581 582 583 584 585 586 587 588 589 590 591 592 593 594 595 596 597 598 601 602 603 604 607 608 609 610 611 612 613 614 616 617 618 619 620 621 622 623 624 625 626 627 628 629 630 631 632 633 634 635 636 637 638 639 640 641 642 643 644 645 646 651 652 653 654 655 656 657 658 659 660 661 674 675 676 677 678 679 680 681 682 683 684 685 686 687 688 690 706 707 708 709 710 711 712 713 714 715 716 717 718 719 720 721 722 723 724 725 726 727 728 729 730 731 732 733 734 735 736 737 738 739 740 741 742 743 744 745 746 747 748 749 750 751 752 753 754 755 756 757 759 760 762 787 788 789 790 791 792 793 794 795 796 797 798 799 800 801 802 803 804 805 806 807 808 809 810 811 812 814 815 826 827 833
59,1,0.0,76358.43000000001,76358.43000000001,0 1 2 3 4 5 6 7 8 9 10 11 12 13 14 15 16 17 18 19 20 21 22 23 24 25 26 27 28 29 30 31 32 33 34 35 36 37 38 39 40 41 42 43 44 45 46 47 49 50 75 78 418 419 421 472 473 474 475 476 477 478 479 480 482 483 484 486 487 491 492 493 523 524 527 528 545 546 547 548 549 550 551 552 553 554 555 556 557 558 559 560 561 562 563 566 567 599 600 605 606 954 966
59,2,0.0,124610.32699999992,124610.32699999992,481 485 488 489 490 494 495 496 497 498 499 500 501 502 503 504 505 506 507 508 509 510 511 512 513 514 515 516 517 518 519 520 521 522 525 526 529 530 531 532 533 534 535 536 537 538 539 540 541 542 543 544 647 648 649 650 662 663 664 665 666 667 668 669 670 671 672 673 689 691 692 693 694 695 696 697 698 699 700 701 702 703 704 705 771 772 773 774 775 776 778 779 783 786 885 922 923 924 926 927 928 929 930 931 932 933 938 939 940 941 942 943 944 945 946 947 948 949 950 951 952 953 955 956 957 958 959 960 961 962 963 964 965 967 968 969 970 972 973 974 975 976 977 978 979 980 981 982 983 984 985 986 989 994 995 998 1021
59,3,0.0,49786.657999999996,0.0,52 53 54 55 56 57 58 59 60 61 62 63 64 65 66 67 68 69 70 71 72 73 74 76 77 79 80 81 82 83 84 85 86 87 88 89 90 91 92 93 94 95 96 97 98 99 100 101 102 103 104 105 106 107 108 109 110 111 112 113 114 115 116 117 118 119 120 121 122 123 124 125 128 131 132 133 134 135 136 137 138 139 218 219 220 221 222 223 224 225 564 565 569 570
59,4,0.0,122717.70299999996,122717.70299999996,126 129 147 150 151 152 153 155 156 157 158 159 160 161 162 163 164 165 166 167 168 169 170 171 172 173 174 175 176 177 178 179 180 181 182 183 184 185 186 187 188 189 190 191 192 193 194 195 196 197 198 199 200 201 202 203 204 205 206 207 208 209 210 211 212 213 214 215 216 217 309 310 311 312 313 314 315 316 317 318 319 320 321 322 323 324 325 326 327 328 329 330 331 332 333 334 335 336 337 338 339 340 341 342 343 344 345 346 347 348 349 350 351 352 353 354 356 357 358 359 361 363 364 365 366 367 368 370 371 372 373 374 379 382 391 394 410 413 578 615 761 764 765 813 816 817 818 819 820 821 822 823 824 825 828 829 830 831 832 834 835 836 837 838 839 840 841 842 843 844 845 846 847 848 849 850 851 852 853 854 855 856 857 858 859 860 861 862 863 864 865 866 867 868 869 870 871 873 874 875 876 878 879 1094 1095 1096 1099 1100 1101 1104
59,5,0.0,55806.715,55806.715,140 141 142 143 144 145 146 148 149 226 227 228 229 230 231 232 233 234 235 236 237 238 239 240 241 242 243 244 245 246 247 248 249 250 251 252 253 254 255 256 257 258 259 260 261 262 263 264 265 266 267 268 269 270 271 272 273 274 275 276 277 278 279 280 281 282 283 284 285 286 287 288 289 290 291 292 293 294 295 296 297 298 299 300 301 302 303 304 305 306 307 308 355 360 362 380 381 383 384 385 386 387 388 389 390 392 393 395 396 397 398 399 400 401 402 403 404 405 411 412
59,6,0.0,21089.784,0.0,1267 1311 1312 1338 1339 1340 1341 1342 1348 1349 1350 1351 1352 1353 1354 1355 1356 1357 1358 1359 1360 1361 1362 1363 1364 1367 1368 1369 1370 1371 1372 1373 1374 1375 1376 1377 1378 1379 1380 1381 1382 1383 1384 1385 1386 1387 1388 1389 1390 1391 1392 1393 1394 1395 1396 1397 1398 1399 1400 1401 1402 1403 1404 1405 1406 1407 1408 1409 1410 1411 1412 1413 1414 1415 1416 1417 1418
59,7,0.0,39368.16399999999,0.0,48 51 414 415 417 1272 1273 1274 1275 1276 1277 1278 1279 1280 1281 1282 1283 1284 1285 1286 1287 1288 1289 1290 1291 1292 1293 1294 1295 1296 1297 1298 1299 1300 1301 1302 1303 1304 1305 1306 1307 1308 1309 1310 1313 1314 1315 1316 1317 1318 1319 1320 1321 1322 1323 1324 1325 1326 1327 1328 1329 1330 1331 1332 1343 1344 1345 1346 1347
59,8,0.0,121275.91799999996,121275.91799999996,369 375 376 377 378 406 407 408 409 758 763 766 767 768 769 770 777 780 781 782 784 785 872 877 880 881 882 883 884 886 887 888 889 890 891 892 893 894 895 896 897 898 899 900 901 902 903 904 905 906 907 908 909 910 911 912 913 914 915 916 917 918 919 920 921 971 996 997 999 1000 1001 1002 1003 1004 1005 1006 1007 1008 1009 1010 1012 1013 1044 1045 1046 1047 1048 1049 1050 1051 1052 1053 1054 1055 1056 1057 1058 1059 1060 1061 1062 1063 1064 1065 1066 1071 1072 1073 1074 1075 1076 1077 1078 1079 1080 1081 1082 1083 1084 1085 1086 1087 1088 1089 1090 1091 1092 1093 1097 1098 1102 1103 1105 1106 1107 1108 1109 1110 1111 1112 1113 1114 1115 1116 1117 1118 1119 1120 1121 1122 1123 1124 1125 1126 1127 1128 1129 1130 1131 1132 1133 1134 1135 1136 1137 1138 1139 1140 1141 1142 1143 1144 1145 1146 1147 1148 1149 1150 1151 1152 1153 1154 1155 1156 1157 1158 1159 1160 1161 1162 1163 1164 1165 1166 1167 1169 1170 1172 1173 1174 1175
59,9,0.0,122480.56900000003,122480.56900000003,416 420 422 423 424 425 426 427 428 429 430 431 432 433 434 435 436 437 438 439 440 441 442 443 444 445 446 447 448 449 450 451 452 453 454 455 456 457 458 459 460 461 462 463 464 465 466 467 468 469 470 471 925 934 935 936 937 987 988 990 991 992 993 1011 1014 1015 1016 1017 1018 1019 1020 1022 1023 1024 1025 1026 1027 1028 1029 1030 1031 1032 1033 1034 1035 1036 1037 1038 1039 1040 1041 1042 1043 1067 1068 1069 1070 1168 1171 1176 1177 1178 1179 1180 1181 1182 1183 1184 1185 1186 1187 1188 1189 1190 1191 1192 1193 1194 1195 1196 1197 1198 1199 1200 1201 1202 1203 1204 1205 1206 1207 1208 1209 1210 1211 1212 1213 1214 1215 1216 1217 1218 1219 1220 1221 1222 1223 1224 1225 1226 1227 1228 1229 1230 1231 1232 1233 1234 1235 1236 1237 1238 1239 1240 1241 1242 1243 1244 1245 1246 1247 1248 1249 1250 1251 1252 1253 1254 1255 1256 1257 1258 1259 1260 1261 1262 1263 1264 1265 1266 1268 1269 1270 1271 1333 1334 1335 1336 1337 1365 1366
60,0,0.0,122423.17899999995,122423.17899999995,568 571 575 576 579 580 581 582 583 584 585 586 587 588 589 591 592 593 594 595 596 597 598 603 608 609 610 611 612 613 614 615 616 617 618 619 620 621 622 623 624 625 626 627 628 629 630 631 633 635 636 637 638 639 640 641 642 643 644 645 646 649 651 652 653 654 655 656 657 658 659 660 661 668 673 674 675 677 678 679 680 681 682 683 684 685 686 687 688 692 706 707 708 709 710 711 712 713 714 715 716 717 718 719 720 721 722 723 724 725 726 727 728 729 730 731 732 733 734 735 736 737 738 739 740 741 742 743 744 745 746 747 748 749 750 751 752 753 754 755 756 757 758 759 760 762 767 768 776 787 788 789 790 791 792 793 794 795 796 797 798 799 800 801 802 803 804 805 806 808 809 810 811 812 813 814 815 818 826 827 830
60,1,0.0,82488.07699999999,82488.07699999999,0 1 2 3 4 5 6 7 8 9 10 11 12 13 14 15 16 17 18 19 20 21 22 23 24 25 26 27 28 29 30 31 32 33 34 35 36 37 38 39 40 41 42 43 44 45 46 47 49 50 75 78 418 419 420 421 472 473 474 475 476 477 478 479 480 481 482 483 484 487 490 491 492 494 499 524 527 528 529 530 533 545 546 547 548 549 550 551 552 553 554 555 556 557 558 559 560 561 562 563 566 567 599 600 601 602 604 605 606 607 632
60,2,0.0,121095.80399999996,121095.80399999996,485 486 488 489 493 495 496 497 498 500 501 502 503 504 505 506 507 508 509 510 511 512 513 514 515 516 517 518 519 520 521 522 523 525 526 531 532 534 535 536 537 538 539 540 542 543 544 634 647 648 650 662 663 664 665 666 667 669 670 671 672 676 689 690 691 693 694 695 696 697 698 699 700 701 702 703 704 705 771 772 774 775 777 778 782 783 784 785 786 922 923 924 926 927 928 929 930 931 932 934 935 936 938 939 940 941 942 943 944 945 946 947 948 949 950 951 952 953 954 955 956 957 958 959 960 961 962 963 964 965 966 967 968 969 970 971 972 973 974 975 976 977 978 979 980 981 982 983 984 985 986 988 989 994 995 997 998 1021
60,3,0.0,57198.611,57198.611,52 53 54 55 56 57 58 59 60 61 62 63 64 65 66 67 68 69 70 71 72 73 74 76 77 79 80 81 82 83 84 85 86 87 88 89 90 91 92 93 94 95 96 97 98 99 100 101 102 103 104 105 106 107 108 109 110 111 112 113 114 115 116 117 118 119 120 121 122 123 124 125 126 127 128 129 130 131 132 133 134 135 136 137 138 139 171 218 219 220 221 222 223 224 225 564 565 569 570 572 573 574 577
60,4,0.0,123848.38299999996,123848.38299999996,141 147 150 151 152 153 154 155 156 157 158 159 160 161 162 163 164 165 166 167 168 169 170 172 173 174 175 176 177 178 179 180 181 182 183 184 185 186 187 188 189 190 191 192 193 194 195 196 197 198 199 200 201 202 203 204 205 206 207 208 209 210 211 212 213 214 215 216 217 309 310 311 312 313 314 315 316 317 318 319 320 321 322 323 324 325 326 327 328 329 330 331 332 333 334 335 336 337 338 339 340 341 342 343 344 345 346 347 348 349 350 351 352 353 354 355 356 357 358 360 362 363 364 365 367 368 370 371 372 373 374 379 382 391 410 413 578 590 761 764 765 807 816 817 819 820 821 822 823 824 825 828 829 831 832 833 834 835 836 837 838 839 840 841 842 843 844 845 846 847 848 849 850 851 852 853 854 855 856 858 859 860 861 862 863 864 865 866 867 868 869 870 871 873 874 875 876 878 889 1094 1095 1096 1099 1100 1101 1104
60,5,0.0,56687.06599999999,56687.06599999999,140 142 143 144 145 146 148 149 226 227 228 229 230 231 232 233 234 235 236 237 238 239 240 241 242 243 244 245 246 247 248 249 250 251 252 253 254 255 256 257 258 259 260 261 262 263 264 265 266 267 268 269 270 271 272 273 274 275 276 277 278 279 280 281 282 283 284 285 286 287 288 289 290 291 292 293 294 295 296 297 298 299 300 301 302 303 304 305 306 307 308 359 361 380 381 383 384 385 386 387 388 389 390 392 393 394 395 396 397 398 399 400 401 402 403 404 405 411 412
60,6,0.0,23590.504000000008,23590.504000000008,471 1267 1311 1312 1338 1339 1340 1341 1342 1348 1349 1350 1351 1352 1353 1354 1355 1356 1357 1358 1359 1360 1361 1362 1363 1364 1367 1368 1369 1370 1371 1372 1373 1374 1375 1376 1377 1378 1379 1380 1381 1382 1383 1384 1385 1386 1387 1388 1389 1390 1391 1392 1393 1394 1395 1396 1397 1398 1399 1400 1401 1402 1403 1404 1405 1406 1407 1408 1409 1410 1411 1412 1413 1414 1415 1416 1417 1418
60,7,0.0,41473.37700000001,41473.37700000001,48 51 414 415 417 1272 1273 1274 1275 1276 1277 1278 1279 1280 1281 1282 1283 1284 1285 1286 1287 1288 1289 1290 1291 1292 1293 1294 1295 1296 1297 1298 1299 1300 1301 1302 1303 1304 1305 1306 1307 1308 1309 1310 1313 1314 1315 1316 1317 1318 1319 1320 1321 1322 1323 1324 1325 1326 1327 1328 1329 1330 1331 1332 1343 1344 1345 1346 1347
60,8,0.0,122113.86399999997,122113.86399999997,366 369 375 376 377 378 406 407 408 409 763 766 769 770 773 779 780 781 857 872 877 879 880 881 882 883 884 885 886 887 888 890 891 892 893 894 895 896 897 898 899 900 901 902 903 904 905 906 907 908 909 910 911 912 913 914 915 916 917 918 919 920 921 996 999 1000 1001 1002 1003 1004 1005 1006 1007 1008 1009 1010 1011 1012 1013 1044 1045 1046 1047 1048 1049 1050 1051 1052 1053 1054 1055 1056 1057 1058 1059 1060 1061 1062 1063 1064 1065 1066 1071 1072 1073 1074 1075 1076 1077 1078 1079 1080 1081 1082 1083 1084 1085 1086 1087 1088 1089 1090 1091 1092 1093 1097 1098 1102 1103 1105 1106 1107 1108 1109 1110 1111 1112 1113 1114 1115 1116 1117 1118 1119 1120 1121 1122 1123 1124 1125 1126 1127 1128 1129 1130 1131 1132 1133 1134 1135 1136 1137 1138 1139 1140 1141 1142 1143 1144 1145 1146 1147 1148 1149 1150 1151 1152 1153 1154 1155 1156 1157 1158 1159 1160 1161 1162 1163 1164 1165 1166 1167 1169 1170 1172 1173 1174 1175
60,9,0.0,118267.28299999978,118267.28299999978,416 422 423 424 425 426 427 428 429 430 431 432 433 434 435 436 437 438 439 440 441 442 443 444 445 446 447 448 449 450 451 452 453 454 455 456 457 458 459 460 461 462 463 464 465 466 467 468 469 470 541 925 933 937 987 990 991 992 993 1014 1015 1016 1017 1018 1019 1020 1022 1023 1024 1025 1026 1027 1028 1029 1030 1031 1032 1033 1034 1035 1036 1037 1038 1039 1040 1041 1042 1043 1067 1068 1069 1070 1168 1171 1176 1177 1178 1179 1180 1181 1182 1183 1184 1185 1186 1187 1188 1189 1190 1191 1192 1193 1194 1195 1196 1197 1198 1199 1200 1201 1202 1203 1204 1205 1206 1207 1208 1209 1210 1211 1212 1213 1214 1215 1216 1217 1218 1219 1220 1221 1222 1223 1224 1225 1226 1227 1228 1229 1230 1231 1232 1233 1234 1235 1236 1237 1238 1239 1240 1241 1242 1243 1244 1245 1246 1247 1248 1249 1250 1251 1252 1253 1254 1255 1256 1257 1258 1259 1260 1261 1262 1263 1264 1265 1266 1268 1269 1270 1271 1333 1334 1335 1336 1337 1365 1366
61,0,0.0,129986.00099999987,129986.00099999987,568 571 575 576 579 580 581 582 583 584 585 586 587 588 589 591 592 593 594 595 596 597 598 603 608 609 610 611 612 613 614 615 616 617 618 619 620 621 622 623 624 625 626 627 628 629 630 631 633 635 636 637 638 639 640 641 642 643 644 645 646 649 651 652 653 654 655 656 657 658 659 660 661 668 673 674 675 677 678 679 680 681 682 683 684 685 686 687 688 692 706 707 708 709 710 711 712 713 714 715 716 717 718 719 720 721 722 723 724 725 726 727 728 729 730 731 732 733 734 735 736 737 738 739 740 741 742 743 744 745 746 747 748 749 750 751 752 753 754 755 756 757 758 759 760 762 767 768 776 787 788 789 790 791 792 793 794 795 796 797 798 799 800 801 802 803 804 805 806 808 809 810 811 812 813 814 815 818 826 827 830
61,1,0.0,89957.77299999999,89957.77299999999,0 1 2 3 4 5 6 7 8 9 10 11 12 13 14 15 16 17 18 19 20 21 22 23 24 25 26 27 28 29 30 31 32 33 34 35 36 37 38 39 40 41 42 43 44 45 46 47 49 50 75 78 418 419 420 421 472 473 474 475 476 477 478 479 480 481 482 483 484 487 490 491 492 494 499 524 527 528 529 530 533 545 546 547 548 549 550 551 552 553 554 555 556 557 558 559 560 561 562 563 566 567 599 600 601 602 604 605 606 607 632
61,2,0.0,129983.90799999995,129983.90799999995,485 486 488 489 493 495 496 497 498 500 501 502 503 504 505 506 507 508 509 510 511 512 513 514 515 516 517 518 519 520 521 522 523 525 526 531 532 534 535 536 537 538 539 540 542 543 544 634 647 648 650 662 663 664 665 666 667 669 670 671 672 676 689 690 691 693 694 695 696 697 698 699 700 701 702 703 704 705 771 772 774 775 777 778 782 783 784 785 786 922 923 924 926 927 928 929 930 931 932 934 935 936 938 939 940 941 942 943 944 945 946 947 948 949 950 951 952 953 954 955 956 957 958 959 960 961 962 963 964 965 966 967 968 969 970 971 972 973 974 975 976 977 978 979 980 981 982 983 984 985 986 988 989 994 995 997 998 1021
61,3,0.0,63313.35699999998,63313.35699999998,52 53 54 55 56 57 58 59 60 61 62 63 64 65 66 67 68 69 70 71 72 73 74 76 77 79 80 81 82 83 84 85 86 87 88 89 90 91 92 93 94 95 96 97 98 99 100 101 102 103 104 105 106 107 108 109 110 111 112 113 114 115 116 117 118 119 120 121 122 123 124 125 126 127 128 129 130 131 132 133 134 135 136 137 138 139 171 218 219 220 221 222 223 224 225 564 565 569 570 572 573 574 577
61,4,0.0,129995.21699999999,129995.21699999999,141 147 150 151 152 153 154 155 156 157 158 159 160 161 162 163 164 165 166 167 168 169 170 172 173 174 175 176 177 178 179 180 181 182 183 184 185 186 187 188 189 190 191 192 193 194 195 196 197 198 199 200 201 202 203 204 205 206 207 208 209 210 211 212 213 214 215 216 217 309 310 311 312 313 314 315 316 317 318 319 320 321 322 323 324 325 326 327 328 329 330 331 332 333 334 335 336 337 338 339 340 341 342 343 344 345 346 347 348 349 350 351 352 353 354 355 356 357 358 360 362 363 364 365 367 368 370 371 372 373 374 379 382 391 410 413 578 590 761 764 765 807 816 817 819 820 821 822 823 824 825 828 829 831 832 833 834 835 836 837 838 839 840 841 842 843 844 845 846 847 848 849 850 851 852 853 854 855 856 858 859 860 861 862 863 864 865 866 867 868 869 870 871 873 874 875 876 878 889 1094 1095 1096 1099 1100 1101 1104
61,5,0.0,63974.68500000001,63974.68500000001,140 142 143 144 145 146 148 149 226 227 228 229 230 231 232 233 234 235 236 237 238 239 240 241 242 243 244 245 246 247 248 249 250 251 252 253 254 255 256 257 258 259 260 261 262 263 264 265 266 267 268 269 270 271 272 273 274 275 276 277 278 279 280 281 282 283 284 285 286 287 288 289 290 291 292 293 294 295 296 297 298 299 300 301 302 303 304 305 306 307 308 359 361 380 381 383 384 385 386 387 388 389 390 392 393 394 395 396 397 398 399 400 401 402 403 404 405 411 412
61,6,0.0,25672.567999999992,25672.567999999992,471 1267 1311 1312 1338 1339 1340 1341 1342 1348 1349 1350 1351 1352 1353 1354 1355 1356 1357 1358 1359 1360 1361 1362 1363 1364 1367 1368 1369 1370 1371 1372 1373 1374 1375 1376 1377 1378 1379 1380 1381 1382 1383 1384 1385 1386 1387 1388 1389 1390 1391 1392 1393 1394 1395 1396 1397 1398 1399 1400 1401 1402 1403 1404 1405 1406 1407 1408 1409 1410 1411 1412 1413 1414 1415 1416 1417 1418
61,7,0.0,46085.221000000005,46085.221000000005,48 51 414 415 417 1272 1273 1274 1275 1276 1277 1278 1279 1280 1281 1282 1283 1284 1285 1286 1287 1288 1289 1290 1291 1292 1293 1294 1295 1296 1297 1298 1299 1300 1301 1302 1303 1304 1305 1306 1307 1308 1309 1310 1313 1314 1315 1316 1317 1318 1319 1320 1321 1322 1323 1324 1325 1326 1327 1328 1329 1330 1331 1332 1343 1344 1345 1346 1347
61,8,0.0,129965.68399999998,129965.68399999998,366 369 375 376 377 378 406 407 408 409 763 766 769 770 773 779 780 781 857 872 877 879 880 881 882 883 884 885 886 887 888 890 891 892 893 894 895 896 897 898 899 900 901 902 903 904 905 906 907 908 909 910 911 912 913 914 915 916 917 918 919 920 921 996 999 1000 1001 1002 1003 1004 1005 1006 1007 1008 1009 1010 1011 1012 1013 1044 1045 1046 1047 1048 1049 1050 1051 1052 1053 1054 1055 1056 1057 1058 1059 1060 1061 1062 1063 1064 1065 1066 1071 1072 1073 1074 1075 1076 1077 1078 1079 1080 1081 1082 1083 1084 1085 1086 1087 1088 1089 1090 1091 1092 1093 1097 1098 1102 1103 1105 1106 1107 1108 1109 1110 1111 1112 1113 1114 1115 1116 1117 1118 1119 1120 1121 1122 1123 1124 1125 1126 1127 1128 1129 1130 1131 1132 1133 1134 1135 1136 1137 1138 1139 1140 1141 1142 1143 1144 1145 1146 1147 1148 1149 1150 1151 1152 1153 1154 1155 1156 1157 1158 1159 1160 1161 1162 1163 1164 1165 1166 1167 1169 1170 1172 1173 1174 1175
61,9,0.0,129975.21499999992,129975.21499999992,416 422 423 424 425 426 427 428 429 430 431 432 433 434 435 436 437 438 439 440 441 442 443 444 445 446 447 448 449 450 451 452 453 454 455 456 457 458 459 460 461 462 463 464 465 466 467 468 469 470 541 925 933 937 987 990 991 992 993 1014 1015 1016 1017 1018 1019 1020 1022 1023 1024 1025 1026 1027 1028 1029 1030 1031 1032 1033 1034 1035 1036 1037 1038 1039 1040 1041 1042 1043 1067 1068 1069 1070 1168 1171 1176 1177 1178 1179 1180 1181 1182 1183 1184 1185 1186 1187 1188 1189 1190 1191 1192 1193 1194 1195 1196 1197 1198 1199 1200 1201 1202 1203 1204 1205 1206 1207 1208 1209 1210 1211 1212 1213 1214 1215 1216 1217 1218 1219 1220 1221 1222 1223 1224 1225 1226 1227 1228 1229 1230 1231 1232 1233 1234 1235 1236 1237 1238 1239 1240 1241 1242 1243 1244 1245 1246 1247 1248 1249 1250 1251 1252 1253 1254 1255 1256 1257 1258 1259 1260 1261 1262 1263 1264 1265 1266 1268 1269 1270 1271 1333 1334 1335 1336 1337 1365 1366
62,0,0.0,129578.91400000005,129578.91400000005,569 572 573 575 576 577 579 580 581 582 583 586 587 588 589 590 591 592 593 594 595 596 597 598 601 603 604 612 613 614 615 616 617 618 619 620 621 622 623 624 625 626 627 628 629 630 632 633 634 636 637 639 640 641 642 643 644 645 646 653 654 656 657 658 659 660 666 673 674 676 677 678 679 680 681 682 684 685 686 687 688 690 706 707 708 709 710 711 712 713 714 715 716 717 718 719 720 721 722 723 724 725 726 727 728 729 730 731 732 733 734 735 736 737 738 739 740 741 742 743 744 745 746 747 748 749 750 751 752 753 754 755 756 758 759 769 787 788 789 790 791 792 793 794 795 796 797 798 799 800 801 802 803 804 805 807 808 809 810 811 812 813 814 815 816 818 821 826 827 828 829 830 832
62,1,0.0,122845.74199999995,122845.74199999995,0 1 2 3 4 5 6 7 8 9 10 11 12 13 14 15 16 17 18 19 20 21 22 23 24 25 26 27 28 29 30 31 32 33 34 35 36 37 38 39 40 41 42 43 44 45 46 47 49 50 75 78 418 419 420 421 472 473 474 475 476 477 478 479 480 481 482 484 485 486 487 488 489 490 491 492 493 494 496 498 499 500 501 510 513 514 515 517 523 524 526 528 529 530 531 532 533 535 536 541 542 545 546 547 548 549 550 551 552 553 554 555 556 557 558 559 560 561 562 563 567 568 584 599 600 602 605 606 607 608 609 610 611 631 635 638 647 648 649 650 651 652 655 661 664 667 668 675 693
62,2,0.0,127618.84699999995,127618.84699999995,422 483 495 497 502 503 504 505 506 507 508 509 511 512 516 518 519 520 521 522 525 527 534 537 538 539 540 543 662 663 665 669 670 671 672 683 689 691 692 694 695 696 697 698 699 700 701 702 703 704 705 760 771 773 774 775 776 777 778 779 784 786 885 902 922 923 924 926 927 928 929 930 931 932 933 938 939 940 941 942 943 944 945 946 947 948 949 950 951 952 953 954 955 956 957 958 959 960 961 962 963 964 965 966 967 968 969 970 971 972 973 974 975 976 977 978 979 980 981 982 983 984 985 986 987 988 989 990 994 996 998 1023
62,3,0.0,68704.793,68704.793,52 53 54 55 56 57 58 59 60 61 62 63 64 65 66 67 68 69 70 71 72 73 74 76 77 79 80 81 82 83 84 85 86 87 88 89 90 91 92 93 94 95 96 97 98 99 100 101 102 103 104 105 106 107 108 109 110 111 112 113 114 115 116 117 118 119 120 121 122 123 124 125 126 127 128 129 130 131 132 133 134 135 136 137 138 139 159 170 218 219 220 221 222 223 224 225 564 565 566 570 571 574 578 585
62,4,0.0,126105.062,126105.062,150 154 155 156 157 158 160 161 162 163 164 165 166 167 168 169 171 172 173 174 175 176 177 178 179 180 181 182 183 184 185 186 187 188 189 190 191 192 193 194 195 196 197 198 199 200 201 202 203 204 205 206 207 208 209 210 211 212 213 214 215 216 217 309 310 311 312 313 314 315 316 317 318 319 320 321 322 323 324 325 326 327 328 329 330 331 332 333 334 335 336 337 338 339 340 341 342 344 345 346 347 348 349 350 351 352 353 354 355 362 365 366 367 368 370 371 372 373 374 376 379 413 761 762 763 764 765 772 806 817 819 820 822 823 824 825 831 833 834 835 836 837 838 839 840 841 842 843 844 845 846 847 848 849 850 851 852 853 854 855 856 857 858 859 860 861 862 863 864 865 866 867 868 869 870 871 873 874 875 876 877 878 879 894 895 903 1094 1095 1096 1097 1099 1100 1101 1104
62,5,0.0,75524.13099999996,75524.13099999996,140 141 142 143 144 145 146 147 148 149 151 152 153 226 227 228 229 230 231 232 233 234 235 236 237 238 239 240 241 242 243 244 245 246 247 248 249 250 251 252 253 254 255 256 257 258 259 260 261 262 263 264 265 266 267 268 269 270 271 272 273 274 275 276 277 278 279 280 281 282 283 284 285 286 287 288 289 290 291 292 293 294 295 296 297 298 299 300 301 302 303 304 305 306 307 308 343 356 357 358 359 360 361 363 364 380 381 382 383 384 385 386 387 388 389 390 391 392 393 394 395 396 397 398 399 400 401 402 403 404 405 408 410 411 412
62,6,0.0,36963.529999999984,36963.529999999984,1203 1205 1206 1209 1210 1211 1212 1221 1264 1266 1267 1311 1312 1335 1337 1338 1339 1340 1341 1342 1348 1349 1350 1351 1352 1353 1354 1355 1356 1357 1358 1359 1360 1361 1362 1363 1364 1365 1366 1367 1368 1369 1370 1371 1372 1373 1374 1375 1376 1377 1378 1379 1380 1381 1382 1383 1384 1385 1386 1387 1388 1389 1390 1391 1392 1393 1394 1395 1396 1397 1398 1399 1400 1401 1402 1403 1404 1405 1406 1407 1408 1409 1410 1411 1412 1413 1414 1415 1416 1417 1418
62,7,0.0,50149.191,50149.191,48 51 414 415 416 417 456 1272 1273 1274 1275 1276 1277 1278 1279 1280 1281 1282 1283 1284 1285 1286 1287 1288 1289 1290 1291 1292 1293 1294 1295 1296 1297 1298 1299 1300 1301 1302 1303 1304 1305 1306 1307 1308 1309 1310 1313 1314 1315 1316 1317 1318 1319 1320 1321 1322 1323 1324 1325 1326 1327 1328 1329 1330 1331 1332 1334 1343 1344 1345 1346 1347
62,8,0.0,125702.32800000001,125702.32800000001,369 375 377 378 406 407 409 757 766 767 768 770 780 781 782 785 872 880 881 882 883 884 886 887 888 889 890 891 892 893 896 897 898 899 900 901 904 905 906 907 908 909 910 911 912 913 914 915 916 917 918 919 920 921 999 1000 1001 1002 1003 1004 1005 1007 1008 1009 1010 1013 1044 1045 1046 1047 1048 1049 1050 1051 1052 1053 1054 1055 1056 1057 1058 1059 1060 1061 1062 1063 1064 1065 1066 1071 1072 1073 1074 1075 1076 1077 1078 1079 1080 1081 1082 1083 1084 1085 1086 1087 1088 1089 1090 1091 1092 1093 1098 1102 1103 1105 1106 1107 1108 1109 1110 1111 1112 1113 1114 1115 1116 1117 1118 1119 1120 1121 1122 1123 1124 1125 1126 1127 1128 1129 1130 1131 1132 1133 1134 1135 1136 1137 1138 1139 1140 1141 1142 1143 1144 1145 1146 1147 1148 1149 1150 1151 1152 1153 1154 1155 1156 1157 1158 1159 1160 1161 1162 1163 1164 1165 1166 1167 1172 1173 1174 1175
62,9,0.0,122990.38300000002,122990.38300000002,423 424 425 426 427 428 429 430 431 432 433 434 435 436 437 438 439 440 441 442 443 444 445 446 447 448 449 450 451 452 453 454 455 457 458 459 460 461 462 463 464 465 466 467 468 469 470 471 544 783 925 934 935 936 937 991 992 993 995 997 1006 1011 1012 1014 1015 1016 1017 1018 1019 1020 1021 1022 1024 1025 1026 1027 1028 1029 1030 1031 1032 1033 1034 1035 1036 1037 1038 1039 1040 1041 1042 1043 1067 1068 1069 1070 1168 1169 1170 1171 1176 1177 1178 1179 1180 1181 1182 1183 1184 1185 1186 1187 1188 1189 1190 1191 1192 1193 1194 1195 1196 1197 1198 1199 1200 1201 1202 1204 1207 1208 1213 1214 1215 1216 1217 1218 1219 1220 1222 1223 1224 1225 1226 1227 1228 1229 1230 1231 1232 1233 1234 1235 1236 1237 1238 1239 1240 1241 1242 1243 1244 1245 1246 1247 1248 1249 1250 1251 1252 1253 1254 1255 1256 1257 1258 1259 1260 1261 1262 1263 1265 1268 1269 1270 1271 1333 1336
63,0,0.0,129980.59399999998,129980.59399999998,569 572 573 575 576 577 579 580 581 582 583 586 587 588 589 590 591 592 593 594 595 596 597 598 601 603 604 612 613 614 615 616 617 618 619 620 621 622 623 624 625 626 627 628 629 630 632 633 634 636 637 639 640 641 642 643 644 645 646 653 654 656 657 658 659 660 666 673 674 676 677 678 679 680 681 682 684 685 686 687 688 690 706 707 708 709 710 711 712 713 714 715 716 717 718 719 720 721 722 723 724 725 726 727 728 729 730 731 732 733 734 735 736 737 738 739 740 741 742 743 744 745 746 747 748 749 750 751 752 753 754 755 756 758 759 769 787 788 789 790 791 792 793 794 795 796 797 798 799 800 801 802 803 804 805 807 808 809 810 811 812 813 814 815 816 818 821 826 827 828 829 830 832
63,1,0.0,129985.11900000002,129985.11900000002,0 1 2 3 4 5 6 7 8 9 10 11 12 13 14 15 16 17 18 19 20 21 22 23 24 25 26 27 28 29 30 31 32 33 34 35 36 37 38 39 40 41 42 43 44 45 46 47 49 50 75 78 418 419 420 421 472 473 474 475 476 477 478 479 480 481 482 484 485 486 487 488 489 490 491 492 493 494 496 498 499 500 501 510 513 514 515 517 523 524 526 528 529 530 531 532 533 535 536 541 542 545 546 547 548 549 550 551 552 553 554 555 556 557 558 559 560 561 562 563 567 568 584 599 600 602 605 606 607 608 609 610 611 631 635 638 647 648 649 650 651 652 655 661 664 667 668 675 693
63,2,0.0,129976.5370000001,129976.5370000001,422 483 495 497 502 503 504 505 506 507 508 509 511 512 516 518 519 520 521 522 525 527 534 537 538 539 540 543 662 663 665 669 670 671 672 683 689 691 692 694 695 696 697 698 699 700 701 702 703 704 705 760 771 773 774 775 776 777 778 779 784 786 885 902 922 923 924 926 927 928 929 930 931 932 933 938 939 940 941 942 943 944 945 946 947 948 949 950 951 952 953 954 955 956 957 958 959 960 961 962 963 964 965 966 967 968 969 970 971 972 973 974 975 976 977 978 979 980 981 982 983 984 985 986 987 988 989 990 994 996 998 1023
63,3,0.0,67172.53300000001,67172.53300000001,52 53 54 55 56 57 58 59 60 61 62 63 64 65 66 67 68 69 70 71 72 73 74 76 77 79 80 81 82 83 84 85 86 87 88 89 90 91 92 93 94 95 96 97 98 99 100 101 102 103 104 105 106 107 108 109 110 111 112 113 114 115 116 117 118 119 120 121 122 123 124 125 126 127 128 129 130 131 132 133 134 135 136 137 138 139 159 170 218 219 220 221 222 223 224 225 564 565 566 570 571 574 578 585
63,4,0.0,129999.64499999997,129999.64499999997,150 154 155 156 157 158 160 161 162 163 164 165 166 167 168 169 171 172 173 174 175 176 177 178 179 180 181 182 183 184 185 186 187 188 189 190 191 192 193 194 195 196 197 198 199 200 201 202 203 204 205 206 207 208 209 210 211 212 213 214 215 216 217 309 310 311 312 313 314 315 316 317 318 319 320 321 322 323 324 325 326 327 328 329 330 331 332 333 334 335 336 337 338 339 340 341 342 344 345 346 347 348 349 350 351 352 353 354 355 362 365 366 367 368 370 371 372 373 374 376 379 413 761 762 763 764 765 772 806 817 819 820 822 823 824 825 831 833 834 835 836 837 838 839 840 841 842 843 844 845 846 847 848 849 850 851 852 853 854 855 856 857 858 859 860 861 862 863 864 865 866 867 868 869 870 871 873 874 875 876 877 878 879 894 895 903 1094 1095 1096 1097 1099 1100 1101 1104
63,5,0.0,79793.356,79793.356,140 141 142 143 144 145 146 147 148 149 151 152 153 226 227 228 229 230 231 232 233 234 235 236 237 238 239 240 241 242 243 244 245 246 247 248 249 250 251 252 253 254 255 256 257 258 259 260 261 262 263 264 265 266 267 268 269 270 271 272 273 274 275 276 277 278 279 280 281 282 283 284 285 286 287 288 289 290 291 292 293 294 295 296 297 298 299 300 301 302 303 304 305 306 307 308 343 356 357 358 359 360 361 363 364 380 381 382 383 384 385 386 387 388 389 390 391 392 393 394 395 396 397 398 399 400 401 402 403 404 405 408 410 411 412
63,6,0.0,37039.34999999999,37039.34999999999,1203 1205 1206 1209 1210 1211 1212 1221 1264 1266 1267 1311 1312 1335 1337 1338 1339 1340 1341 1342 1348 1349 1350 1351 1352 1353 1354 1355 1356 1357 1358 1359 1360 1361 1362 1363 1364 1365 1366 1367 1368 1369 1370 1371 1372 1373 1374 1375 1376 1377 1378 1379 1380 1381 1382 1383 1384 1385 1386 1387 1388 1389 1390 1391 1392 1393 1394 1395 1396 1397 1398 1399 1400 1401 1402 1403 1404 1405 1406 1407 1408 1409 1410 1411 1412 1413 1414 1415 1416 1417 1418
63,7,0.0,50944.937000000005,50944.937000000005,48 51 414 415 416 417 456 1272 1273 1274 1275 1276 1277 1278 1279 1280 1281 1282 1283 1284 1285 1286 1287 1288 1289 1290 1291 1292 1293 1294 1295 1296 1297 1298 1299 1300 1301 1302 1303 1304 1305 1306 1307 1308 1309 1310 1313 1314 1315 1316 1317 1318 1319 1320 1321 1322 1323 1324 1325 1326 1327 1328 1329 1330 1331 1332 1334 1343 1344 1345 1346 1347
63,8,0.0,129881.95899999997,129881.95899999997,369 375 377 378 406 407 409 757 766 767 768 770 780 781 782 785 872 880 881 882 883 884 886 887 888 889 890 891 892 893 896 897 898 899 900 901 904 905 906 907 908 909 910 911 912 913 914 915 916 917 918 919 920 921 999 1000 1001 1002 1003 1004 1005 1007 1008 1009 1010 1013 1044 1045 1046 1047 1048 1049 1050 1051 1052 1053 1054 1055 1056 1057 1058 1059 1060 1061 1062 1063 1064 1065 1066 1071 1072 1073 1074 1075 1076 1077 1078 1079 1080 1081 1082 1083 1084 1085 1086 1087 1088 1089 1090 1091 1092 1093 1098 1102 1103 1105 1106 1107 1108 1109 1110 1111 1112 1113 1114 1115 1116 1117 1118 1119 1120 1121 1122 1123 1124 1125 1126 1127 1128 1129 1130 1131 1132 1133 1134 1135 1136 1137 1138 1139 1140 1141 1142 1143 1144 1145 1146 1147 1148 1149 1150 1151 1152 1153 1154 1155 1156 1157 1158 1159 1160 1161 1162 1163 1164 1165 1166 1167 1172 1173 1174 1175
63,9,0.0,129612.35500000003,129612.35500000003,423 424 425 426 427 428 429 430 431 432 433 434 435 436 437 438 439 440 441 442 443 444 445 446 447 448 449 450 451 452 453 454 455 457 458 459 460 461 462 463 464 465 466 467 468 469 470 471 544 783 925 934 935 936 937 991 992 993 995 997 1006 1011 1012 1014 1015 1016 1017 1018 1019 1020 1021 1022 1024 1025 1026 1027 1028 1029 1030 1031 1032 1033 1034 1035 1036 1037 1038 1039 1040 1041 1042 1043 1067 1068 1069 1070 1168 1169 1170 1171 1176 1177 1178 1179 1180 1181 1182 1183 1184 1185 1186 1187 1188 1189 1190 1191 1192 1193 1194 1195 1196 1197 1198 1199 1200 1201 1202 1204 1207 1208 1213 1214 1215 1216 1217 1218 1219 1220 1222 1223 1224 1225 1226 1227 1228 1229 1230 1231 1232 1233 1234 1235 1236 1237 1238 1239 1240 1241 1242 1243 1244 1245 1246 1247 1248 1249 1250 1251 1252 1253 1254 1255 1256 1257 1258 1259 1260 1261 1262 1263 1265 1268 1269 1270 1271 1333 1336
64,0,0.0,129827.10599999999,129827.10599999999,575 576 577 578 579 580 581 582 583 586 587 588 589 590 591 592 593 594 595 596 597 598 604 610 611 612 613 614 615 616 617 618 619 620 621 622 623 624 625 626 627 628 629 630 631 632 634 636 637 639 640 641 642 643 644 645 646 648 651 652 653 655 656 657 658 659 660 661 663 664 668 673 674 675 676 677 678 679 680 681 682 683 684 685 686 687 688 690 706 707 708 709 710 711 712 713 714 715 716 717 718 719 720 721 722 723 724 725 726 727 728 729 730 732 733 734 735 736 737 738 739 740 741 742 743 744 745 746 747 748 749 750 751 752 753 754 755 756 757 758 759 762 776 780 787 788 789 790 791 792 793 794 795 796 797 798 799 800 802 803 804 805 807 808 809 810 811 814 816 821 827 828 829 830
64,1,0.0,102234.33699999998,102234.33699999998,0 1 2 3 4 5 6 7 8 9 10 11 12 13 14 15 16 17 18 19 20 21 22 23 24 25 26 27 28 29 30 31 32 33 34 35 36 37 38 39 40 41 42 43 44 45 46 47 49 50 75 78 418 419 420 421 472 473 474 475 476 477 478 479 480 481 482 483 484 486 487 489 490 491 493 494 495 498 510 523 524 525 527 528 529 530 545 546 547 548 549 550 551 552 553 554 555 556 557 558 559 560 561 562 563 566 567 568 584 599 600 601 602 603 605 606 607 608 609 633 635 638 649 654
64,2,0.0,129968.80600000003,129968.80600000003,485 488 492 496 497 499 500 501 502 503 504 505 506 507 508 509 511 512 513 514 515 516 517 518 519 520 521 522 526 531 532 533 534 535 536 537 538 539 540 541 542 543 544 647 650 662 665 666 667 669 670 671 672 689 691 692 693 694 695 696 697 698 699 700 701 702 703 704 705 731 771 772 773 774 775 778 779 783 784 785 922 923 924 926 927 928 929 930 931 932 935 938 939 940 941 942 943 944 945 946 947 948 949 950 951 952 953 954 955 956 957 958 959 960 961 962 963 964 965 966 967 969 970 973 974 975 976 977 978 979 980 981 982 983 984 985 986 988 989 994 1019 1020 1021 1023
64,3,0.0,62695.046,62695.046,52 53 54 55 56 57 58 59 60 61 62 63 64 65 66 67 68 69 70 71 72 73 74 76 77 79 80 81 82 83 84 85 86 87 88 89 90 91 92 93 94 95 96 97 98 99 100 101 102 103 104 105 106 107 108 109 110 111 112 113 114 115 116 117 118 119 120 121 122 123 124 125 126 127 128 130 131 132 133 134 135 136 137 138 139 170 218 219 220 221 222 223 224 225 564 565 569 570 571 572 573 574 585
64,4,0.0,129963.81999999957,129963.81999999957,129 147 150 153 154 155 156 157 158 159 160 161 162 163 164 165 166 167 168 169 171 172 173 174 175 176 177 178 179 180 181 182 183 184 185 186 187 188 189 190 191 192 193 194 195 196 197 198 199 200 201 202 203 204 205 206 207 208 209 210 211 212 213 214 215 216 217 309 310 311 312 313 314 315 316 317 318 319 320 321 322 323 324 325 326 327 328 329 330 331 332 333 334 335 336 337 338 339 340 341 342 343 344 345 346 347 348 349 350 351 352 353 354 355 356 357 358 359 362 363 364 365 366 367 368 370 371 372 373 374 760 761 763 764 765 801 806 812 813 815 817 818 819 820 822 823 824 825 826 831 832 833 834 835 836 837 838 839 840 841 842 843 844 845 846 847 848 849 850 851 852 853 854 855 856 857 858 859 860 861 862 863 864 865 866 867 868 869 870 871 873 874 875 876 877 878 879 881 903 905 1094 1095 1096 1097 1099 1100 1101 1104
64,5,0.0,73048.94099999999,73048.94099999999,140 141 142 143 144 145 146 148 149 151 152 226 227 228 229 230 231 232 233 234 235 236 237 238 239 240 241 242 243 244 245 246 247 248 249 250 251 252 253 254 255 256 257 258 259 260 261 262 263 264 265 266 267 268 269 270 271 272 273 274 275 276 277 278 279 280 281 282 283 284 285 286 287 288 289 290 291 292 293 294 295 296 297 298 299 300 301 302 303 304 305 306 307 308 360 361 379 380 381 382 383 384 385 386 387 388 389 390 391 392 393 394 395 396 397 398 399 400 401 402 403 404 405 410 411 412 413
64,6,0.0,27628.432000000004,27628.432000000004,1209 1212 1221 1264 1267 1311 1312 1335 1338 1339 1340 1341 1342 1348 1349 1350 1351 1352 1353 1354 1355 1356 1357 1358 1359 1360 1361 1362 1363 1364 1366 1367 1368 1369 1370 1371 1372 1373 1374 1375 1376 1377 1378 1379 1380 1381 1382 1383 1384 1385 1386 1387 1388 1389 1390 1391 1392 1393 1394 1395 1396 1397 1398 1399 1400 1401 1402 1403 1404 1405 1406 1407 1408 1409 1410 1411 1412 1413 1414 1415 1416 1417 1418
64,7,0.0,48340.507999999994,48340.507999999994,48 51 414 415 417 1272 1273 1274 1275 1276 1277 1278 1279 1280 1281 1282 1283 1284 1285 1286 1287 1288 1289 1290 1291 1292 1293 1294 1295 1296 1297 1298 1299 1300 1301 1302 1303 1304 1305 1306 1307 1308 1309 1310 1313 1314 1315 1316 1317 1318 1319 1320 1321 1322 1323 1324 1325 1326 1327 1328 1329 1330 1331 1332 1334 1343 1344 1345 1346 1347
64,8,0.0,129958.77300000013,129958.77300000013,369 375 376 377 378 406 407 408 409 766 767 768 769 770 777 781 782 786 872 880 882 883 884 885 886 887 888 889 890 891 892 893 894 895 896 897 898 899 900 901 902 904 906 907 908 909 910 911 912 913 914 915 916 917 918 919 920 921 968 971 972 990 992 996 997 998 999 1000 1001 1002 1003 1004 1005 1006 1007 1008 1009 1010 1012 1013 1044 1045 1046 1047 1048 1049 1050 1051 1052 1053 1054 1055 1056 1057 1058 1059 1060 1061 1062 1063 1064 1065 1066 1071 1072 1073 1074 1075 1076 1077 1078 1079 1080 1081 1082 1083 1084 1085 1086 1087 1088 1089 1090 1091 1092 1093 1098 1102 1103 1105 1106 1107 1108 1109 1110 1111 1112 1113 1114 1115 1116 1117 1118 1119 1120 1121 1122 1123 1124 1125 1126 1127 1128 1129 1130 1131 1132 1133 1134 1135 1136 1137 1138 1139 1140 1141 1142 1143 1144 1145 1146 1147 1148 1149 1150 1151 1152 1153 1154 1155 1156 1157 1158 1159 1160 1161 1162 1163 1164 1165 1166 1167 1172 1173 1174 1175
64,9,0.0,129232.58099999982,129232.58099999982,416 422 423 424 425 426 427 428 429 430 431 432 433 434 435 436 437 438 439 440 441 442 443 444 445 446 447 448 449 450 451 452 453 454 455 456 457 458 459 460 461 462 463 464 465 466 467 468 469 470 471 925 933 934 936 937 987 991 993 995 1011 1014 1015 1016 1017 1018 1022 1024 1025 1026 1027 1028 1029 1030 1031 1032 1033 1034 1035 1036 1037 1038 1039 1040 1041 1042 1043 1067 1068 1069 1070 1168 1169 1170 1171 1176 1177 1178 1179 1180 1181 1182 1183 1184 1185 1186 1187 1188 1189 1190 1191 1192 1193 1194 1195 1196 1197 1198 1199 1200 1201 1202 1203 1204 1205 1206 1207 1208 1210 1211 1213 1214 1215 1216 1217 1218 1219 1220 1222 1223 1224 1225 1226 1227 1228 1229 1230 1231 1232 1233 1234 1235 1236 1237 1238 1239 1240 1241 1242 1243 1244 1245 1246 1247 1248 1249 1250 1251 1252 1253 1254 1255 1256 1257 1258 1259 1260 1261 1262 1263 1265 1266 1268 1269 1270 1271 1333 1336 1337 1365
65,0,0.0,129991.51999999995,129991.51999999995,575 576 577 578 579 580 581 582 583 586 587 588 589 590 591 592 593 594 595 596 597 598 604 610 611 612 613 614 615 616 617 618 619 620 621 622 623 624 625 626 627 628 629 630 631 632 634 636 637 639 640 641 642 643 644 645 646 648 651 652 653 655 656 657 658 659 660 661 663 664 668 673 674 675 676 677 678 679 680 681 682 683 684 685 686 687 688 690 706 707 708 709 710 711 712 713 714 715 716 717 718 719 720 721 722 723 724 725 726 727 728 729 730 732 733 734 735 736 737 738 739 740 741 742 743 744 745 746 747 748 749 750 751 752 753 754 755 756 757 758 759 762 776 780 787 788 789 790 791 792 793 794 795 796 797 798 799 800 802 803 804 805 807 808 809 810 811 814 816 821 827 828 829 830
65,1,0.0,94836.272,94836.272,0 1 2 3 4 5 6 7 8 9 10 11 12 13 14 15 16 17 18 19 20 21 22 23 24 25 26 27 28 29 30 31 32 33 34 35 36 37 38 39 40 41 42 43 44 45 46 47 49 50 75 78 418 419 420 421 472 473 474 475 476 477 478 479 480 481 482 483 484 486 487 489 490 491 493 494 495 498 510 523 524 525 527 528 529 530 545 546 547 548 549 550 551 552 553 554 555 556 557 558 559 560 561 562 563 566 567 568 584 599 600 601 602 603 605 606 607 608 609 633 635 638 649 654
65,2,0.0,129237.70000000006,129237.70000000006,485 488 492 496 497 499 500 501 502 503 504 505 506 507 508 509 511 512 513 514 515 516 517 518 519 520 521 522 526 531 532 533 534 535 536 537 538 539 540 541 542 543 544 647 650 662 665 666 667 669 670 671 672 689 691 692 693 694 695 696 697 698 699 700 701 702 703 704 705 731 771 772 773 774 775 778 779 783 784 785 922 923 924 926 927 928 929 930 931 932 935 938 939 940 941 942 943 944 945 946 947 948 949 950 951 952 953 954 955 956 957 958 959 960 961 962 963 964 965 966 967 969 970 973 974 975 976 977 978 979 980 981 982 983 984 985 986 988 989 994 1019 1020 1021 1023
65,3,0.0,60362.085999999996,60362.085999999996,52 53 54 55 56 57 58 59 60 61 62 63 64 65 66 67 68 69 70 71 72 73 74 76 77 79 80 81 82 83 84 85 86 87 88 89 90 91 92 93 94 95 96 97 98 99 100 101 102 103 104 105 106 107 108 109 110 111 112 113 114 115 116 117 118 119 120 121 122 123 124 125 126 127 128 130 131 132 133 134 135 136 137 138 139 170 218 219 220 221 222 223 224 225 564 565 569 570 571 572 573 574 585
65,4,0.0,127668.42699999979,127668.42699999979,129 147 150 153 154 155 156 157 158 159 160 161 162 163 164 165 166 167 168 169 171 172 173 174 175 176 177 178 179 180 181 182 183 184 185 186 187 188 189 190 191 192 193 194 195 196 197 198 199 200 201 202 203 204 205 206 207 208 209 210 211 212 213 214 215 216 217 309 310 311 312 313 314 315 316 317 318 319 320 321 322 323 324 325 326 327 328 329 330 331 332 333 334 335 336 337 338 339 340 341 342 343 344 345 346 347 348 349 350 351 352 353 354 355 356 357 358 359 362 363 364 365 366 367 368 370 371 372 373 374 760 761 763 764 765 801 806 812 813 815 817 818 819 820 822 823 824 825 826 831 832 833 834 835 836 837 838 839 840 841 842 843 844 845 846 847 848 849 850 851 852 853 854 855 856 857 858 859 860 861 862 863 864 865 866 867 868 869 870 871 873 874 875 876 877 878 879 881 903 905 1094 1095 1096 1097 1099 1100 1101 1104
65,5,0.0,71636.515,71636.515,140 141 142 143 144 145 146 148 149 151 152 226 227 228 229 230 231 232 233 234 235 236 237 238 239 240 241 242 243 244 245 246 247 248 249 250 251 252 253 254 255 256 257 258 259 260 261 262 263 264 265 266 267 268 269 270 271 272 273 274 275 276 277 278 279 280 281 282 283 284 285 286 287 288 289 290 291 292 293 294 295 296 297 298 299 300 301 302 303 304 305 306 307 308 360 361 379 380 381 382 383 384 385 386 387 388 389 390 391 392 393 394 395 396 397 398 399 400 401 402 403 404 405 410 411 412 413
65,6,0.0,27678.201999999997,27678.201999999997,1209 1212 1221 1264 1267 1311 1312 1335 1338 1339 1340 1341 1342 1348 1349 1350 1351 1352 1353 1354 1355 1356 1357 1358 1359 1360 1361 1362 1363 1364 1366 1367 1368 1369 1370 1371 1372 1373 1374 1375 1376 1377 1378 1379 1380 1381 1382 1383 1384 1385 1386 1387 1388 1389 1390 1391 1392 1393 1394 1395 1396 1397 1398 1399 1400 1401 1402 1403 1404 1405 1406 1407 1408 1409 1410 1411 1412 1413 1414 1415 1416 1417 1418
65,7,0.0,47695.646,47695.646,48 51 414 415 417 1272 1273 1274 1275 1276 1277 1278 1279 1280 1281 1282 1283 1284 1285 1286 1287 1288 1289 1290 1291 1292 1293 1294 1295 1296 1297 1298 1299 1300 1301 1302 1303 1304 1305 1306 1307 1308 1309 1310 1313 1314 1315 1316 1317 1318 1319 1320 1321 1322 1323 1324 1325 1326 1327 1328 1329 1330 1331 1332 1334 1343 1344 1345 1346 1347
65,8,0.0,123697.28800000029,123697.28800000029,369 375 376 377 378 406 407 408 409 766 767 768 769 770 777 781 782 786 872 880 882 883 884 885 886 887 888 889 890 891 892 893 894 895 896 897 898 899 900 901 902 904 906 907 908 909 910 911 912 913 914 915 916 917 918 919 920 921 968 971 972 990 992 996 997 998 999 1000 1001 1002 1003 1004 1005 1006 1007 1008 1009 1010 1012 1013 1044 1045 1046 1047 1048 1049 1050 1051 1052 1053 1054 1055 1056 1057 1058 1059 1060 1061 1062 1063 1064 1065 1066 1071 1072 1073 1074 1075 1076 1077 1078 1079 1080 1081 1082 1083 1084 1085 1086 1087 1088 1089 1090 1091 1092 1093 1098 1102 1103 1105 1106 1107 1108 1109 1110 1111 1112 1113 1114 1115 1116 1117 1118 1119 1120 1121 1122 1123 1124 1125 1126 1127 1128 1129 1130 1131 1132 1133 1134 1135 1136 1137 1138 1139 1140 1141 1142 1143 1144 1145 1146 1147 1148 1149 1150 1151 1152 1153 1154 1155 1156 1157 1158 1159 1160 1161 1162 1163 1164 1165 1166 1167 1172 1173 1174 1175
65,9,0.0,126820.81199999973,126820.81199999973,416 422 423 424 425 426 427 428 429 430 431 432 433 434 435 436 437 438 439 440 441 442 443 444 445 446 447 448 449 450 451 452 453 454 455 456 457 458 459 460 461 462 463 464 465 466 467 468 469 470 471 925 933 934 936 937 987 991 993 995 1011 1014 1015 1016 1017 1018 1022 1024 1025 1026 1027 1028 1029 1030 1031 1032 1033 1034 1035 1036 1037 1038 1039 1040 1041 1042 1043 1067 1068 1069 1070 1168 1169 1170 1171 1176 1177 1178 1179 1180 1181 1182 1183 1184 1185 1186 1187 1188 1189 1190 1191 1192 1193 1194 1195 1196 1197 1198 1199 1200 1201 1202 1203 1204 1205 1206 1207 1208 1210 1211 1213 1214 1215 1216 1217 1218 1219 1220 1222 1223 1224 1225 1226 1227 1228 1229 1230 1231 1232 1233 1234 1235 1236 1237 1238 1239 1240 1241 1242 1243 1244 1245 1246 1247 1248 1249 1250 1251 1252 1253 1254 1255 1256 1257 1258 1259 1260 1261 1262 1263 1265 1266 1268 1269 1270 1271 1333 1336 1337 1365
66,0,0.0,129844.28299999995,129844.28299999995,127 560 568 569 572 573 574 575 577 578 579 580 581 582 583 584 585 586 587 588 589 590 591 592 593 594 595 596 597 598 601 607 608 610 611 612 613 614 615 616 617 618 619 620 621 622 623 624 625 626 627 628 629 630 631 632 633 634 635 636 637 638 639 640 641 642 643 644 645 646 651 653 654 655 656 657 658 659 660 667 668 669 670 671 673 674 675 676 677 678 679 680 681 682 683 686 688 689 690 697 706 707 708 709 710 711 712 713 714 715 716 717 718 719 720 721 722 723 724 725 726 727 728 729 730 731 732 733 734 735 736 737 738 739 740 741 742 743 744 745 746 747 748 749 750 751 752 753 754 755 759 760 761 767 787 788 789 790 791 792 793 794 795 796 797 798 799 800 801 802 803 804 805 808 809 810 811 812 813 814 818 819 827
66,1,0.0,89066.141,89066.141,0 1 2 3 4 5 6 7 8 9 10 11 12 13 14 15 16 17 18 19 20 21 22 23 24 25 26 27 28 29 30 31 32 33 34 35 36 37 38 39 40 41 42 43 44 45 46 47 49 50 75 78 418 419 421 472 473 474 475 476 477 478 479 480 481 483 484 485 486 490 491 492 493 499 524 527 528 529 530 545 546 547 548 549 550 551 552 553 554 555 556 557 558 559 561 562 563 566 567 599 600 602 603 604 605 606 609 647 648 649 652
66,2,0.0,129989.007,129989.007,482 487 488 489 494 495 496 497 498 500 501 502 503 504 505 506 507 508 509 510 511 512 513 514 515 516 517 518 519 520 521 522 523 525 526 531 532 533 534 535 536 537 538 539 540 541 542 543 544 650 661 662 663 664 665 666 672 684 685 687 691 692 693 694 695 696 698 699 700 701 702 703 704 705 771 772 773 774 775 776 777 778 783 784 841 922 923 924 925 926 927 928 929 930 931 932 933 936 938 939 940 941 942 943 944 945 946 947 948 949 950 951 952 953 954 955 956 957 958 959 960 961 962 963 964 965 966 967 968 969 970 972 973 974 975 976 977 978 979 980 981 982 983 984 985 986 987 988 989 990 991 994 995 1023
66,3,0.0,55635.003,55635.003,52 53 54 55 56 57 58 59 60 61 62 63 64 65 66 67 68 69 70 71 72 73 74 76 77 79 80 81 82 83 84 85 86 87 88 89 90 91 92 93 94 95 96 97 98 99 100 101 102 103 104 105 106 107 108 109 110 111 112 113 114 115 116 117 118 119 120 121 122 123 124 125 126 128 131 132 133 134 135 136 137 139 218 219 220 221 222 223 224 225 564 565 571
66,4,0.0,129963.85899999997,129963.85899999997,129 130 138 141 147 150 151 152 153 154 155 156 157 158 159 160 161 162 163 164 165 166 167 168 169 170 171 172 173 174 175 176 177 178 179 180 181 182 183 184 185 186 187 188 189 190 191 192 193 194 195 196 197 198 199 200 201 202 203 204 205 206 207 208 209 210 211 212 213 214 215 216 217 309 310 311 312 313 314 315 316 317 318 319 320 321 322 323 324 325 326 327 328 329 330 331 332 333 334 335 336 337 338 339 340 341 342 343 344 345 346 347 348 349 350 351 352 353 354 355 356 357 358 359 360 361 362 363 364 366 367 368 370 371 372 373 374 379 382 410 413 570 576 764 765 806 807 815 816 817 820 821 822 823 824 825 826 828 829 830 831 832 833 834 835 836 837 838 839 840 842 843 844 845 846 847 849 850 851 852 853 854 855 856 857 858 859 860 861 862 863 864 865 866 867 868 869 870 871 873 874 875 876 877 878 1094 1095 1096 1099 1100 1101
66,5,0.0,65485.99900000001,65485.99900000001,140 142 143 144 145 146 148 149 226 227 228 229 230 231 232 233 234 235 236 237 238 239 240 241 242 243 244 245 246 247 248 249 250 251 252 253 254 255 256 257 258 259 260 261 262 263 264 265 266 267 268 269 270 271 272 273 274 275 276 277 278 279 280 281 282 283 284 285 286 287 288 289 290 291 292 293 294 295 296 297 298 299 300 301 302 303 304 305 306 307 308 365 380 381 383 384 385 386 387 388 389 390 391 392 393 394 395 396 397 398 399 400 401 402 403 404 405 411 412
66,6,0.0,24094.414999999997,24094.414999999997,1267 1311 1312 1338 1339 1340 1341 1342 1348 1349 1350 1351 1352 1353 1354 1355 1356 1357 1358 1359 1360 1361 1362 1363 1364 1367 1368 1369 1370 1371 1372 1373 1374 1375 1376 1377 1378 1379 1380 1381 1382 1383 1384 1385 1386 1387 1388 1389 1390 1391 1392 1393 1394 1395 1396 1397 1398 1399 1400 1401 1402 1403 1404 1405 1406 1407 1408 1409 1410 1411 1412 1413 1414 1415 1416 1417 1418
66,7,0.0,42925.803,42925.803,48 51 414 415 417 1272 1273 1274 1275 1276 1277 1278 1279 1280 1281 1282 1283 1284 1285 1286 1287 1288 1289 1290 1291 1292 1293 1294 1295 1296 1297 1298 1299 1300 1301 1302 1303 1304 1305 1306 1307 1308 1309 1310 1313 1314 1315 1316 1317 1318 1319 1320 1321 1322 1323 1324 1325 1326 1327 1328 1329 1330 1331 1332 1343 1344 1345 1346 1347
66,8,0.0,129886.10099999998,129886.10099999998,369 375 376 377 378 406 407 408 409 756 757 758 762 763 766 768 769 770 779 780 781 782 785 786 848 872 879 880 881 882 883 884 885 886 887 888 889 890 891 892 893 894 895 896 897 898 899 900 901 902 903 904 905 906 907 908 909 910 911 912 913 914 915 916 917 918 919 920 921 971 996 997 998 999 1000 1001 1002 1003 1004 1005 1006 1007 1008 1009 1010 1012 1013 1014 1044 1045 1046 1047 1048 1049 1050 1051 1052 1053 1054 1055 1056 1057 1058 1059 1060 1061 1062 1063 1064 1065 1066 1069 1071 1072 1073 1074 1075 1076 1077 1078 1079 1080 1081 1082 1083 1084 1085 1086 1087 1088 1089 1090 1091 1092 1093 1097 1098 1102 1103 1104 1105 1106 1107 1108 1109 1110 1111 1112 1113 1114 1115 1116 1117 1118 1119 1120 1121 1122 1123 1124 1125 1126 1127 1128 1129 1130 1131 1132 1133 1134 1135 1136 1137 1138 1139 1140 1141 1142 1143 1144 1145 1146 1147 1148 1149 1150 1151 1152 1153 1154 1155 1156 1157 1158 1159 1160 1161 1162 1163 1164 1165 1166 1167 1170 1172 1173 1174 1175
66,9,0.0,124969.23900000003,124969.23900000003,416 420 422 423 424 425 426 427 428 429 430 431 432 433 434 435 436 437 438 439 440 441 442 443 444 445 446 447 448 449 450 451 452 453 454 455 456 457 458 459 460 461 462 463 464 465 466 467 468 469 470 471 934 935 937 992 993 1011 1015 1016 1017 1018 1019 1020 1021 1022 1024 1025 1026 1027 1028 1029 1030 1031 1032 1033 1034 1035 1036 1037 1038 1039 1040 1041 1042 1043 1067 1068 1070 1168 1169 1171 1176 1177 1178 1179 1180 1181 1182 1183 1184 1185 1186 1187 1188 1189 1190 1191 1192 1193 1194 1195 1196 1197 1198 1199 1200 1201 1202 1203 1204 1205 1206 1207 1208 1209 1210 1211 1212 1213 1214 1215 1216 1217 1218 1219 1220 1221 1222 1223 1224 1225 1226 1227 1228 1229 1230 1231 1232 1233 1234 1235 1236 1237 1238 1239 1240 1241 1242 1243 1244 1245 1246 1247 1248 1249 1250 1251 1252 1253 1254 1255 1256 1257 1258 1259 1260 1261 1262 1263 1264 1265 1266 1268 1269 1270 1271 1333 1334 1335 1336 1337 1365 1366
67,0,0.0,128213.86100000006,128213.86100000006,127 560 568 569 572 573 574 575 577 578 579 580 581 582 583 584 585 586 587 588 589 590 591 592 593 594 595 596 597 598 601 607 608 610 611 612 613 614 615 616 617 618 619 620 621 622 623 624 625 626 627 628 629 630 631 632 633 634 635 636 637 638 639 640 641 642 643 644 645 646 651 653 654 655 656 657 658 659 660 667 668 669 670 671 673 674 675 676 677 678 679 680 681 682 683 686 688 689 690 697 706 707 708 709 710 711 712 713 714 715 716 717 718 719 720 721 722 723 724 725 726 727 728 729 730 731 732 733 734 735 736 737 738 739 740 741 742 743 744 745 746 747 748 749 750 751 752 753 754 755 759 760 761 767 787 788 789 790 791 792 793 794 795 796 797 798 799 800 801 802 803 804 805 808 809 810 811 812 813 814 818 819 827
67,1,0.0,82478.948,82478.948,0 1 2 3 4 5 6 7 8 9 10 11 12 13 14 15 16 17 18 19 20 21 22 23 24 25 26 27 28 29 30 31 32 33 34 35 36 37 38 39 40 41 42 43 44 45 46 47 49 50 75 78 418 419 421 472 473 474 475 476 477 478 479 480 481 483 484 485 486 490 491 492 493 499 524 527 528 529 530 545 546 547 548 549 550 551 552 553 554 555 556 557 558 559 561 562 563 566 567 599 600 602 603 604 605 606 609 647 648 649 652
67,2,0.0,127334.75700000003,127334.75700000003,482 487 488 489 494 495 496 497 498 500 501 502 503 504 505 506 507 508 509 510 511 512 513 514 515 516 517 518 519 520 521 522 523 525 526 531 532 533 534 535 536 537 538 539 540 541 542 543 544 650 661 662 663 664 665 666 672 684 685 687 691 692 693 694 695 696 698 699 700 701 702 703 704 705 771 772 773 774 775 776 777 778 783 784 841 922 923 924 925 926 927 928 929 930 931 932 933 936 938 939 940 941 942 943 944 945 946 947 948 949 950 951 952 953 954 955 956 957 958 959 960 961 962 963 964 965 966 967 968 969 970 972 973 974 975 976 977 978 979 980 981 982 983 984 985 986 987 988 989 990 991 994 995 1023
67,3,50330.53200000001,52323.804000000004,102654.33600000001,52 53 54 55 56 57 58 59 60 61 62 63 64 65 66 67 68 69 70 71 72 73 74 76 77 79 80 81 82 83 84 85 86 87 88 89 90 91 92 93 94 95 96 97 98 99 100 101 102 103 104 105 106 107 108 109 110 111 112 113 114 115 116 117 118 119 120 121 122 123 124 125 126 128 131 132 133 134 135 136 137 139 218 219 220 221 222 223 224 225 564 565 571
67,4,0.0,121865.67899999995,121865.67899999995,129 130 138 141 147 150 151 152 153 154 155 156 157 158 159 160 161 162 163 164 165 166 167 168 169 170 171 172 173 174 175 176 177 178 179 180 181 182 183 184 185 186 187 188 189 190 191 192 193 194 195 196 197 198 199 200 201 202 203 204 205 206 207 208 209 210 211 212 213 214 215 216 217 309 310 311 312 313 314 315 316 317 318 319 320 321 322 323 324 325 326 327 328 329 330 331 332 333 334 335 336 337 338 339 340 341 342 343 344 345 346 347 348 349 350 351 352 353 354 355 356 357 358 359 360 361 362 363 364 366 367 368 370 371 372 373 374 379 382 410 413 570 576 764 765 806 807 815 816 817 820 821 822 823 824 825 826 828 829 830 831 832 833 834 835 836 837 838 839 840 842 843 844 845 846 847 849 850 851 852 853 854 855 856 857 858 859 860 861 862 863 864 865 866 867 868 869 870 871 873 874 875 876 877 878 1094 1095 1096 1099 1100 1101
67,5,0.0,60999.93799999999,60999.93799999999,140 142 143 144 145 146 148 149 226 227 228 229 230 231 232 233 234 235 236 237 238 239 240 241 242 243 244 245 246 247 248 249 250 251 252 253 254 255 256 257 258 259 260 261 262 263 264 265 266 267 268 269 270 271 272 273 274 275 276 277 278 279 280 281 282 283 284 285 286 287 288 289 290 291 292 293 294 295 296 297 298 299 300 301 302 303 304 305 306 307 308 365 380 381 383 384 385 386 387 388 389 390 391 392 393 394 395 396 397 398 399 400 401 402 403 404 405 411 412
67,6,22263.664,22382.744,44646.407999999996,1267 1311 1312 1338 1339 1340 1341 1342 1348 1349 1350 1351 1352 1353 1354 1355 1356 1357 1358 1359 1360 1361 1362 1363 1364 1367 1368 1369 1370 1371 1372 1373 1374 1375 1376 1377 1378 1379 1380 1381 1382 1383 1384 1385 1386 1387 1388 1389 1390 1391 1392 1393 1394 1395 1396 1397 1398 1399 1400 1401 1402 1403 1404 1405 1406 1407 1408 1409 1410 1411 1412 1413 1414 1415 1416 1417 1418
67,7,40344.00199999999,41624.551999999996,81968.55399999999,48 51 414 415 417 1272 1273 1274 1275 1276 1277 1278 1279 1280 1281 1282 1283 1284 1285 1286 1287 1288 1289 1290 1291 1292 1293 1294 1295 1296 1297 1298 1299 1300 1301 1302 1303 1304 1305 1306 1307 1308 1309 1310 1313 1314 1315 1316 1317 1318 1319 1320 1321 1322 1323 1324 1325 1326 1327 1328 1329 1330 1331 1332 1343 1344 1345 1346 1347
67,8,0.0,125689.87699999998,125689.87699999998,369 375 376 377 378 406 407 408 409 756 757 758 762 763 766 768 769 770 779 780 781 782 785 786 848 872 879 880 881 882 883 884 885 886 887 888 889 890 891 892 893 894 895 896 897 898 899 900 901 902 903 904 905 906 907 908 909 910 911 912 913 914 915 916 917 918 919 920 921 971 996 997 998 999 1000 1001 1002 1003 1004 1005 1006 1007 1008 1009 1010 1012 1013 1014 1044 1045 1046 1047 1048 1049 1050 1051 1052 1053 1054 1055 1056 1057 1058 1059 1060 1061 1062 1063 1064 1065 1066 1069 1071 1072 1073 1074 1075 1076 1077 1078 1079 1080 1081 1082 1083 1084 1085 1086 1087 1088 1089 1090 1091 1092 1093 1097 1098 1102 1103 1104 1105 1106 1107 1108 1109 1110 1111 1112 1113 1114 1115 1116 1117 1118 1119 1120 1121 1122 1123 1124 1125 1126 1127 1128 1129 1130 1131 1132 1133 1134 1135 1136 1137 1138 1139 1140 1141 1142 1143 1144 1145 1146 1147 1148 1149 1150 1151 1152 1153 1154 1155 1156 1157 1158 1159 1160 1161 1162 1163 1164 1165 1166 1167 1170 1172 1173 1174 1175
67,9,0.0,115233.27199999997,115233.27199999997,416 420 422 423 424 425 426 427 428 429 430 431 432 433 434 435 436 437 438 439 440 441 442 443 444 445 446 447 448 449 450 451 452 453 454 455 456 457 458 459 460 461 462 463 464 465 466 467 468 469 470 471 934 935 937 992 993 1011 1015 1016 1017 1018 1019 1020 1021 1022 1024 1025 1026 1027 1028 1029 1030 1031 1032 1033 1034 1035 1036 1037 1038 1039 1040 1041 1042 1043 1067 1068 1070 1168 1169 1171 1176 1177 1178 1179 1180 1181 1182 1183 1184 1185 1186 1187 1188 1189 1190 1191 1192 1193 1194 1195 1196 1197 1198 1199 1200 1201 1202 1203 1204 1205 1206 1207 1208 1209 1210 1211 1212 1213 1214 1215 1216 1217 1218 1219 1220 1221 1222 1223 1224 1225 1226 1227 1228 1229 1230 1231 1232 1233 1234 1235 1236 1237 1238 1239 1240 1241 1242 1243 1244 1245 1246 1247 1248 1249 1250 1251 1252 1253 1254 1255 1256 1257 1258 1259 1260 1261 1262 1263 1264 1265 1266 1268 1269 1270 1271 1333 1334 1335 1336 1337 1365 1366
68,0,0.0,129997.014,129997.014,127 560 568 569 572 573 574 575 577 578 579 580 581 582 583 584 585 586 587 588 589 590 591 592 593 594 595 596 597 598 601 607 608 610 611 612 613 614 615 616 617 618 619 620 621 622 623 624 625 626 627 628 629 630 631 632 633 634 635 636 637 638 639 640 641 642 643 644 645 646 651 653 654 655 656 657 658 659 660 667 668 669 670 671 673 674 675 676 677 678 679 680 681 682 683 686 688 689 690 697 706 707 708 709 710 711 712 713 714 715 716 717 718 719 720 721 722 723 724 725 726 727 728 729 730 731 732 733 734 735 736 737 738 739 740 741 742 743 744 745 746 747 748 749 750 751 752 753 754 755 759 760 761 767 787 788 789 790 791 792 793 794 795 796 797 798 799 800 801 802 803 804 805 808 809 810 811 812 813 814 818 819 827
68,1,0.0,85041.87599999997,85041.87599999997,0 1 2 3 4 5 6 7 8 9 10 11 12 13 14 15 16 17 18 19 20 21 22 23 24 25 26 27 28 29 30 31 32 33 34 35 36 37 38 39 40 41 42 43 44 45 46 47 49 50 75 78 418 419 421 472 473 474 475 476 477 478 479 480 481 483 484 485 486 490 491 492 493 499 524 527 528 529 530 545 546 547 548 549 550 551 552 553 554 555 556 557 558 559 561 562 563 566 567 599 600 602 603 604 605 606 609 647 648 649 652
68,2,0.0,129811.83799999999,129811.83799999999,482 487 488 489 494 495 496 497 498 500 501 502 503 504 505 506 507 508 509 510 511 512 513 514 515 516 517 518 519 520 521 522 523 525 526 531 532 533 534 535 536 537 538 539 540 541 542 543 544 650 661 662 663 664 665 666 672 684 685 687 691 692 693 694 695 696 698 699 700 701 702 703 704 705 771 772 773 774 775 776 777 778 783 784 841 922 923 924 925 926 927 928 929 930 931 932 933 936 938 939 940 941 942 943 944 945 946 947 948 949 950 951 952 953 954 955 956 957 958 959 960 961 962 963 964 965 966 967 968 969 970 972 973 974 975 976 977 978 979 980 981 982 983 984 985 986 987 988 989 990 991 994 995 1023
68,3,0.0,50330.53200000001,0.0,52 53 54 55 56 57 58 59 60 61 62 63 64 65 66 67 68 69 70 71 72 73 74 76 77 79 80 81 82 83 84 85 86 87 88 89 90 91 92 93 94 95 96 97 98 99 100 101 102 103 104 105 106 107 108 109 110 111 112 113 114 115 116 117 118 119 120 121 122 123 124 125 126 128 131 132 133 134 135 136 137 139 218 219 220 221 222 223 224 225 564 565 571
68,4,0.0,126012.07699999995,126012.07699999995,129 130 138 141 147 150 151 152 153 154 155 156 157 158 159 160 161 162 163 164 165 166 167 168 169 170 171 172 173 174 175 176 177 178 179 180 181 182 183 184 185 186 187 188 189 190 191 192 193 194 195 196 197 198 199 200 201 202 203 204 205 206 207 208 209 210 211 212 213 214 215 216 217 309 310 311 312 313 314 315 316 317 318 319 320 321 322 323 324 325 326 327 328 329 330 331 332 333 334 335 336 337 338 339 340 341 342 343 344 345 346 347 348 349 350 351 352 353 354 355 356 357 358 359 360 361 362 363 364 366 367 368 370 371 372 373 374 379 382 410 413 570 576 764 765 806 807 815 816 817 820 821 822 823 824 825 826 828 829 830 831 832 833 834 835 836 837 838 839 840 842 843 844 845 846 847 849 850 851 852 853 854 855 856 857 858 859 860 861 862 863 864 865 866 867 868 869 870 871 873 874 875 876 877 878 1094 1095 1096 1099 1100 1101
68,5,0.0,59024.69700000001,59024.69700000001,140 142 143 144 145 146 148 149 226 227 228 229 230 231 232 233 234 235 236 237 238 239 240 241 242 243 244 245 246 247 248 249 250 251 252 253 254 255 256 257 258 259 260 261 262 263 264 265 266 267 268 269 270 271 272 273 274 275 276 277 278 279 280 281 282 283 284 285 286 287 288 289 290 291 292 293 294 295 296 297 298 299 300 301 302 303 304 305 306 307 308 365 380 381 383 384 385 386 387 388 389 390 391 392 393 394 395 396 397 398 399 400 401 402 403 404 405 411 412
68,6,0.0,22263.664,0.0,1267 1311 1312 1338 1339 1340 1341 1342 1348 1349 1350 1351 1352 1353 1354 1355 1356 1357 1358 1359 1360 1361 1362 1363 1364 1367 1368 1369 1370 1371 1372 1373 1374 1375 1376 1377 1378 1379 1380 1381 1382 1383 1384 1385 1386 1387 1388 1389 1390 1391 1392 1393 1394 1395 1396 1397 1398 1399 1400 1401 1402 1403 1404 1405 1406 1407 1408 1409 1410 1411 1412 1413 1414 1415 1416 1417 1418
68,7,0.0,40344.00199999999,0.0,48 51 414 415 417 1272 1273 1274 1275 1276 1277 1278 1279 1280 1281 1282 1283 1284 1285 1286 1287 1288 1289 1290 1291 1292 1293 1294 1295 1296 1297 1298 1299 1300 1301 1302 1303 1304 1305 1306 1307 1308 1309 1310 1313 1314 1315 1316 1317 1318 1319 1320 1321 1322 1323 1324 1325 1326 1327 1328 1329 1330 1331 1332 1343 1344 1345 1346 1347
68,8,0.0,129833.931,129833.931,369 375 376 377 378 406 407 408 409 756 757 758 762 763 766 768 769 770 779 780 781 782 785 786 848 872 879 880 881 882 883 884 885 886 887 888 889 890 891 892 893 894 895 896 897 898 899 900 901 902 903 904 905 906 907 908 909 910 911 912 913 914 915 916 917 918 919 920 921 971 996 997 998 999 1000 1001 1002 1003 1004 1005 1006 1007 1008 1009 1010 1012 1013 1014 1044 1045 1046 1047 1048 1049 1050 1051 1052 1053 1054 1055 1056 1057 1058 1059 1060 1061 1062 1063 1064 1065 1066 1069 1071 1072 1073 1074 1075 1076 1077 1078 1079 1080 1081 1082 1083 1084 1085 1086 1087 1088 1089 1090 1091 1092 1093 1097 1098 1102 1103 1104 1105 1106 1107 1108 1109 1110 1111 1112 1113 1114 1115 1116 1117 1118 1119 1120 1121 1122 1123 1124 1125 1126 1127 1128 1129 1130 1131 1132 1133 1134 1135 1136 1137 1138 1139 1140 1141 1142 1143 1144 1145 1146 1147 1148 1149 1150 1151 1152 1153 1154 1155 1156 1157 1158 1159 1160 1161 1162 1163 1164 1165 1166 1167 1170 1172 1173 1174 1175
68,9,0.0,115474.83399999997,115474.83399999997,416 420 422 423 424 425 426 427 428 429 430 431 432 433 434 435 436 437 438 439 440 441 442 443 444 445 446 447 448 449 450 451 452 453 454 455 456 457 458 459 460 461 462 463 464 465 466 467 468 469 470 471 934 935 937 992 993 1011 1015 1016 1017 1018 1019 1020 1021 1022 1024 1025 1026 1027 1028 1029 1030 1031 1032 1033 1034 1035 1036 1037 1038 1039 1040 1041 1042 1043 1067 1068 1070 1168 1169 1171 1176 1177 1178 1179 1180 1181 1182 1183 1184 1185 1186 1187 1188 1189 1190 1191 1192 1193 1194 1195 1196 1197 1198 1199 1200 1201 1202 1203 1204 1205 1206 1207 1208 1209 1210 1211 1212 1213 1214 1215 1216 1217 1218 1219 1220 1221 1222 1223 1224 1225 1226 1227 1228 1229 1230 1231 1232 1233 1234 1235 1236 1237 1238 1239 1240 1241 1242 1243 1244 1245 1246 1247 1248 1249 1250 1251 1252 1253 1254 1255 1256 1257 1258 1259 1260 1261 1262 1263 1264 1265 1266 1268 1269 1270 1271 1333 1334 1335 1336 1337 1365 1366
69,0,0.0,129792.03000000006,129792.03000000006,568 571 572 573 574 575 576 577 579 580 581 582 583 584 585 586 587 588 589 590 591 592 593 594 595 596 597 598 601 602 603 604 607 608 609 610 611 612 613 614 615 616 617 618 619 620 621 622 623 624 625 626 627 628 629 630 631 632 633 634 635 636 637 638 639 640 641 642 643 644 645 646 647 648 649 650 651 652 653 654 655 656 657 658 659 660 661 663 667 668 674 675 676 677 678 679 680 682 683 684 686 687 688 689 690 706 707 708 709 710 711 712 713 714 715 716 717 718 719 720 721 722 723 724 725 726 727 728 729 730 731 732 733 734 735 736 737 738 739 740 741 742 743 744 745 746 747 748 749 750 751 752 753 754 755 756 759 776 787 788 789 790 791 792 793 794 795 796 797 798 799 800 801 802 803 804 805 807 808 809 810 811 812 813 814 826
69,1,0.0,76967.28799999999,76967.28799999999,0 1 2 3 4 5 6 7 8 9 10 11 12 13 14 15 16 17 18 19 20 21 22 23 24 25 26 27 28 29 30 31 32 33 34 35 36 37 38 39 40 41 42 43 44 45 46 47 49 50 75 78 418 419 421 472 473 474 475 476 477 478 479 481 482 483 484 487 490 491 493 498 523 528 529 545 546 547 548 549 550 551 552 553 554 555 556 557 558 559 560 561 562 563 566 567 599 600 605 606
69,2,0.0,129910.871,129910.871,422 480 485 486 488 489 492 495 496 497 499 500 501 502 503 504 505 506 507 508 509 510 511 512 513 514 515 516 517 518 519 520 521 522 524 525 526 527 530 531 532 533 534 535 536 537 538 539 540 541 542 543 662 664 665 666 669 670 671 672 673 681 685 691 692 693 694 695 696 697 698 699 700 701 702 703 704 705 771 772 773 774 775 922 923 924 926 927 928 929 930 931 932 935 936 938 939 940 941 942 943 944 945 946 947 948 949 950 951 952 953 954 955 956 957 958 959 960 961 962 963 964 965 966 967 968 969 970 971 972 973 974 975 976 977 978 979 980 981 982 983 984 985 986 988 989 990 991 994 995 1023 1024
69,3,0.0,48238.033,48238.033,52 53 54 55 56 57 58 59 60 61 62 63 64 65 66 67 68 69 70 71 72 73 74 76 77 79 80 81 82 83 84 85 86 87 88 89 90 91 92 93 94 95 96 97 98 99 100 101 102 103 104 105 106 107 108 109 110 111 112 113 114 115 116 117 118 119 120 121 122 123 124 125 127 128 131 132 133 134 135 136 137 139 218 219 220 221 222 223 224 225 564 565
69,4,0.0,129942.56099999996,129942.56099999996,126 129 130 138 140 141 147 148 150 151 152 153 154 155 156 157 158 159 160 161 162 163 164 165 166 167 168 169 170 171 172 173 174 175 176 177 178 179 180 181 182 183 184 185 186 187 188 189 190 191 192 193 194 195 196 197 198 199 200 201 202 203 204 205 206 207 208 209 210 211 212 213 214 215 216 217 309 310 311 312 313 314 315 316 317 318 319 320 321 322 323 324 325 326 327 328 329 330 331 332 333 334 335 336 337 338 339 340 341 342 343 344 345 346 347 348 349 350 351 352 353 354 355 356 357 358 359 360 361 362 363 364 365 367 368 370 371 372 373 374 379 382 407 408 410 411 413 494 569 570 578 760 761 762 806 815 816 817 818 819 820 821 822 823 824 825 827 828 829 830 831 832 833 834 835 836 837 838 839 840 841 842 843 844 846 847 848 849 850 851 852 853 854 855 856 858 859 860 861 862 863 864 865 866 867 868 869 870 871 873 874 875 876 878 879 902 904 1094 1095 1096 1097 1099 1100 1101 1102 1104
69,5,0.0,57017.46900000001,57017.46900000001,142 143 144 145 146 149 226 227 228 229 230 231 232 233 234 235 236 237 238 239 240 241 242 243 244 245 246 247 248 249 250 251 252 253 254 255 256 257 258 259 260 261 262 263 264 265 266 267 268 269 270 271 272 273 274 275 276 277 278 279 280 281 282 283 284 285 286 287 288 289 290 291 292 293 294 295 296 297 298 299 300 301 302 303 304 305 306 307 308 380 381 383 384 385 386 387 388 389 390 391 392 393 394 395 396 397 398 399 400 401 402 403 404 405 412
69,6,0.0,23205.626999999997,23205.626999999997,1267 1311 1312 1338 1339 1340 1341 1342 1348 1349 1350 1351 1352 1353 1354 1355 1356 1357 1358 1359 1360 1361 1362 1363 1364 1367 1368 1369 1370 1371 1372 1373 1374 1375 1376 1377 1378 1379 1380 1381 1382 1383 1384 1385 1386 1387 1388 1389 1390 1391 1392 1393 1394 1395 1396 1397 1398 1399 1400 1401 1402 1403 1404 1405 1406 1407 1408 1409 1410 1411 1412 1413 1414 1415 1416 1417 1418
69,7,0.0,39110.38899999999,39110.38899999999,48 51 414 415 417 1272 1273 1274 1275 1276 1277 1278 1279 1280 1281 1282 1283 1284 1285 1286 1287 1288 1289 1290 1291 1292 1293 1294 1295 1296 1297 1298 1299 1300 1301 1302 1303 1304 1305 1306 1307 1308 1309 1310 1313 1314 1315 1316 1317 1318 1319 1320 1321 1322 1323 1324 1325 1326 1327 1328 1329 1330 1331 1332 1343 1344 1345 1346 1347
69,8,0.0,129601.58599999998,129601.58599999998,366 369 375 376 377 378 406 409 757 758 763 764 765 766 767 768 769 770 777 778 779 780 781 782 783 784 785 786 845 857 872 877 880 881 882 883 884 885 886 887 888 889 890 891 892 893 894 895 896 897 898 899 900 901 903 905 906 907 908 909 910 911 912 913 914 915 916 917 918 919 920 921 992 996 997 998 999 1000 1001 1002 1003 1004 1005 1006 1007 1008 1009 1010 1011 1012 1013 1039 1044 1045 1046 1047 1048 1049 1050 1051 1052 1053 1054 1055 1056 1057 1058 1059 1060 1061 1062 1063 1064 1065 1066 1069 1071 1072 1073 1074 1075 1076 1077 1078 1079 1080 1081 1082 1083 1084 1085 1086 1087 1088 1089 1090 1091 1092 1093 1098 1103 1105 1106 1107 1108 1109 1110 1111 1112 1113 1114 1115 1116 1117 1118 1119 1120 1121 1122 1123 1124 1125 1126 1127 1128 1129 1130 1131 1132 1133 1134 1135 1136 1137 1138 1139 1140 1141 1142 1143 1144 1145 1146 1147 1148 1149 1150 1151 1152 1153 1154 1155 1156 1157 1158 1159 1160 1161 1162 1163 1164 1165 1166 1167 1169 1172 1173 1174 1175
69,9,0.0,117462.22599999997,117462.22599999997,416 420 423 424 425 426 427 428 429 430 431 432 433 434 435 436 437 438 439 440 441 442 443 444 445 446 447 448 449 450 451 452 453 454 455 456 457 458 459 460 461 462 463 464 465 466 467 468 469 470 471 544 925 933 934 937 987 993 1014 1015 1016 1017 1018 1019 1020 1021 1022 1025 1026 1027 1028 1029 1030 1031 1032 1033 1034 1035 1036 1037 1038 1040 1041 1042 1043 1067 1068 1070 1168 1170 1171 1176 1177 1178 1179 1180 1181 1182 1183 1184 1185 1186 1187 1188 1189 1190 1191 1192 1193 1194 1195 1196 1197 1198 1199 1200 1201 1202 1203 1204 1205 1206 1207 1208 1209 1210 1211 1212 1213 1214 1215 1216 1217 1218 1219 1220 1221 1222 1223 1224 1225 1226 1227 1228 1229 1230 1231 1232 1233 1234 1235 1236 1237 1238 1239 1240 1241 1242 1243 1244 1245 1246 1247 1248 1249 1250 1251 1252 1253 1254 1255 1256 1257 1258 1259 1260 1261 1262 1263 1264 1265 1266 1268 1269 1270 1271 1333 1334 1335 1336 1337 1365 1366
70,0,0.0,129952.99200000004,129952.99200000004,568 571 572 573 574 575 576 577 579 580 581 582 583 584 585 586 587 588 589 590 591 592 593 594 595 596 597 598 601 602 603 604 607 608 609 610 611 612 613 614 615 616 617 618 619 620 621 622 623 624 625 626 627 628 629 630 631 632 633 634 635 636 637 638 639 640 641 642 643 644 645 646 647 648 649 650 651 652 653 654 655 656 657 658 659 660 661 663 667 668 674 675 676 677 678 679 680 682 683 684 686 687 688 689 690 706 707 708 709 710 711 712 713 714 715 716 717 718 719 720 721 722 723 724 725 726 727 728 729 730 731 732 733 734 735 736 737 738 739 740 741 742 743 744 745 746 747 748 749 750 751 752 753 754 755 756 759 776 787 788 789 790 791 792 793 794 795 796 797 798 799 800 801 802 803 804 805 807 808 809 810 811 812 813 814 826
70,1,0.0,72022.05999999992,72022.05999999992,0 1 2 3 4 5 6 7 8 9 10 11 12 13 14 15 16 17 18 19 20 21 22 23 24 25 26 27 28 29 30 31 32 33 34 35 36 37 38 39 40 41 42 43 44 45 46 47 49 50 75 78 418 419 421 472 473 474 475 476 477 478 479 481 482 483 484 487 490 491 493 498 523 528 529 545 546 547 548 549 550 551 552 553 554 555 556 557 558 559 560 561 562 563 566 567 599 600 605 606
70,2,0.0,129904.12299999995,129904.12299999995,422 480 485 486 488 489 492 495 496 497 499 500 501 502 503 504 505 506 507 508 509 510 511 512 513 514 515 516 517 518 519 520 521 522 524 525 526 527 530 531 532 533 534 535 536 537 538 539 540 541 542 543 662 664 665 666 669 670 671 672 673 681 685 691 692 693 694 695 696 697 698 699 700 701 702 703 704 705 771 772 773 774 775 922 923 924 926 927 928 929 930 931 932 935 936 938 939 940 941 942 943 944 945 946 947 948 949 950 951 952 953 954 955 956 957 958 959 960 961 962 963 964 965 966 967 968 969 970 971 972 973 974 975 976 977 978 979 980 981 982 983 984 985 986 988 989 990 991 994 995 1023 1024
70,3,45697.221999999994,48319.092,94016.31399999998,52 53 54 55 56 57 58 59 60 61 62 63 64 65 66 67 68 69 70 71 72 73 74 76 77 79 80 81 82 83 84 85 86 87 88 89 90 91 92 93 94 95 96 97 98 99 100 101 102 103 104 105 106 107 108 109 110 111 112 113 114 115 116 117 118 119 120 121 122 123 124 125 127 128 131 132 133 134 135 136 137 139 218 219 220 221 222 223 224 225 564 565
70,4,0.0,124245.42500000002,124245.42500000002,126 129 130 138 140 141 147 148 150 151 152 153 154 155 156 157 158 159 160 161 162 163 164 165 166 167 168 169 170 171 172 173 174 175 176 177 178 179 180 181 182 183 184 185 186 187 188 189 190 191 192 193 194 195 196 197 198 199 200 201 202 203 204 205 206 207 208 209 210 211 212 213 214 215 216 217 309 310 311 312 313 314 315 316 317 318 319 320 321 322 323 324 325 326 327 328 329 330 331 332 333 334 335 336 337 338 339 340 341 342 343 344 345 346 347 348 349 350 351 352 353 354 355 356 357 358 359 360 361 362 363 364 365 367 368 370 371 372 373 374 379 382 407 408 410 411 413 494 569 570 578 760 761 762 806 815 816 817 818 819 820 821 822 823 824 825 827 828 829 830 831 832 833 834 835 836 837 838 839 840 841 842 843 844 846 847 848 849 850 851 852 853 854 855 856 858 859 860 861 862 863 864 865 866 867 868 869 870 871 873 874 875 876 878 879 902 904 1094 1095 1096 1097 1099 1100 1101 1102 1104
70,5,0.0,52893.27099999999,52893.27099999999,142 143 144 145 146 149 226 227 228 229 230 231 232 233 234 235 236 237 238 239 240 241 242 243 244 245 246 247 248 249 250 251 252 253 254 255 256 257 258 259 260 261 262 263 264 265 266 267 268 269 270 271 272 273 274 275 276 277 278 279 280 281 282 283 284 285 286 287 288 289 290 291 292 293 294 295 296 297 298 299 300 301 302 303 304 305 306 307 308 380 381 383 384 385 386 387 388 389 390 391 392 393 394 395 396 397 398 399 400 401 402 403 404 405 412
70,6,20843.754999999997,21423.364999999998,42267.119999999995,1267 1311 1312 1338 1339 1340 1341 1342 1348 1349 1350 1351 1352 1353 1354 1355 1356 1357 1358 1359 1360 1361 1362 1363 1364 1367 1368 1369 1370 1371 1372 1373 1374 1375 1376 1377 1378 1379 1380 1381 1382 1383 1384 1385 1386 1387 1388 1389 1390 1391 1392 1393 1394 1395 1396 1397 1398 1399 1400 1401 1402 1403 1404 1405 1406 1407 1408 1409 1410 1411 1412 1413 1414 1415 1416 1417 1418
70,7,36095.202000000005,38078.316999999995,74173.519,48 51 414 415 417 1272 1273 1274 1275 1276 1277 1278 1279 1280 1281 1282 1283 1284 1285 1286 1287 1288 1289 1290 1291 1292 1293 1294 1295 1296 1297 1298 1299 1300 1301 1302 1303 1304 1305 1306 1307 1308 1309 1310 1313 1314 1315 1316 1317 1318 1319 1320 1321 1322 1323 1324 1325 1326 1327 1328 1329 1330 1331 1332 1343 1344 1345 1346 1347
70,8,0.0,129639.13000000003,129639.13000000003,366 369 375 376 377 378 406 409 757 758 763 764 765 766 767 768 769 770 777 778 779 780 781 782 783 784 785 786 845 857 872 877 880 881 882 883 884 885 886 887 888 889 890 891 892 893 894 895 896 897 898 899 900 901 903 905 906 907 908 909 910 911 912 913 914 915 916 917 918 919 920 921 992 996 997 998 999 1000 1001 1002 1003 1004 1005 1006 1007 1008 1009 1010 1011 1012 1013 1039 1044 1045 1046 1047 1048 1049 1050 1051 1052 1053 1054 1055 1056 1057 1058 1059 1060 1061 1062 1063 1064 1065 1066 1069 1071 1072 1073 1074 1075 1076 1077 1078 1079 1080 1081 1082 1083 1084 1085 1086 1087 1088 1089 1090 1091 1092 1093 1098 1103 1105 1106 1107 1108 1109 1110 1111 1112 1113 1114 1115 1116 1117 1118 1119 1120 1121 1122 1123 1124 1125 1126 1127 1128 1129 1130 1131 1132 1133 1134 1135 1136 1137 1138 1139 1140 1141 1142 1143 1144 1145 1146 1147 1148 1149 1150 1151 1152 1153 1154 1155 1156 1157 1158 1159 1160 1161 1162 1163 1164 1165 1166 1167 1169 1172 1173 1174 1175
70,9,0.0,109945.94199999998,109945.94199999998,416 420 423 424 425 426 427 428 429 430 431 432 433 434 435 436 437 438 439 440 441 442 443 444 445 446 447 448 449 450 451 452 453 454 455 456 457 458 459 460 461 462 463 464 465 466 467 468 469 470 471 544 925 933 934 937 987 993 1014 1015 1016 1017 1018 1019 1020 1021 1022 1025 1026 1027 1028 1029 1030 1031 1032 1033 1034 1035 1036 1037 1038 1040 1041 1042 1043 1067 1068 1070 1168 1170 1171 1176 1177 1178 1179 1180 1181 1182 1183 1184 1185 1186 1187 1188 1189 1190 1191 1192 1193 1194 1195 1196 1197 1198 1199 1200 1201 1202 1203 1204 1205 1206 1207 1208 1209 1210 1211 1212 1213 1214 1215 1216 1217 1218 1219 1220 1221 1222 1223 1224 1225 1226 1227 1228 1229 1230 1231 1232 1233 1234 1235 1236 1237 1238 1239 1240 1241 1242 1243 1244 1245 1246 1247 1248 1249 1250 1251 1252 1253 1254 1255 1256 1257 1258 1259 1260 1261 1262 1263 1264 1265 1266 1268 1269 1270 1271 1333 1334 1335 1336 1337 1365 1366
71,0,0.0,128407.06799999997,128407.06799999997,568 571 572 573 574 575 576 577 579 580 581 582 583 584 585 586 587 588 589 590 591 592 593 594 595 596 597 598 601 602 603 604 607 608 609 610 611 612 613 614 615 616 617 618 619 620 621 622 623 624 625 626 627 628 629 630 631 632 633 634 635 636 637 638 639 640 641 642 643 644 645 646 647 648 649 650 651 652 653 654 655 656 657 658 659 660 661 663 667 668 674 675 676 677 678 679 680 682 683 684 686 687 688 689 690 706 707 708 709 710 711 712 713 714 715 716 717 718 719 720 721 722 723 724 725 726 727 728 729 730 731 732 733 734 735 736 737 738 739 740 741 742 743 744 745 746 747 748 749 750 751 752 753 754 755 756 759 776 787 788 789 790 791 792 793 794 795 796 797 798 799 800 801 802 803 804 805 807 808 809 810 811 812 813 814 826
71,1,0.0,69785.29099999998,69785.29099999998,0 1 2 3 4 5 6 7 8 9 10 11 12 13 14 15 16 17 18 19 20 21 22 23 24 25 26 27 28 29 30 31 32 33 34 35 36 37 38 39 40 41 42 43 44 45 46 47 49 50 75 78 418 419 421 472 473 474 475 476 477 478 479 481 482 483 484 487 490 491 493 498 523 528 529 545 546 547 548 549 550 551 552 553 554 555 556 557 558 559 560 561 562 563 566 567 599 600 605 606
71,2,0.0,127973.51999999997,127973.51999999997,422 480 485 486 488 489 492 495 496 497 499 500 501 502 503 504 505 506 507 508 509 510 511 512 513 514 515 516 517 518 519 520 521 522 524 525 526 527 530 531 532 533 534 535 536 537 538 539 540 541 542 543 662 664 665 666 669 670 671 672 673 681 685 691 692 693 694 695 696 697 698 699 700 701 702 703 704 705 771 772 773 774 775 922 923 924 926 927 928 929 930 931 932 935 936 938 939 940 941 942 943 944 945 946 947 948 949 950 951 952 953 954 955 956 957 958 959 960 961 962 963 964 965 966 967 968 969 970 971 972 973 974 975 976 977 978 979 980 981 982 983 984 985 986 988 989 990 991 994 995 1023 1024
71,3,0.0,45697.221999999994,0.0,52 53 54 55 56 57 58 59 60 61 62 63 64 65 66 67 68 69 70 71 72 73 74 76 77 79 80 81 82 83 84 85 86 87 88 89 90 91 92 93 94 95 96 97 98 99 100 101 102 103 104 105 106 107 108 109 110 111 112 113 114 115 116 117 118 119 120 121 122 123 124 125 127 128 131 132 133 134 135 136 137 139 218 219 220 221 222 223 224 225 564 565
71,4,0.0,117253.24099999988,117253.24099999988,126 129 130 138 140 141 147 148 150 151 152 153 154 155 156 157 158 159 160 161 162 163 164 165 166 167 168 169 170 171 172 173 174 175 176 177 178 179 180 181 182 183 184 185 186 187 188 189 190 191 192 193 194 195 196 197 198 199 200 201 202 203 204 205 206 207 208 209 210 211 212 213 214 215 216 217 309 310 311 312 313 314 315 316 317 318 319 320 321 322 323 324 325 326 327 328 329 330 331 332 333 334 335 336 337 338 339 340 341 342 343 344 345 346 347 348 349 350 351 352 353 354 355 356 357 358 359 360 361 362 363 364 365 367 368 370 371 372 373 374 379 382 407 408 410 411 413 494 569 570 578 760 761 762 806 815 816 817 818 819 820 821 822 823 824 825 827 828 829 830 831 832 833 834 835 836 837 838 839 840 841 842 843 844 846 847 848 849 850 851 852 853 854 855 856 858 859 860 861 862 863 864 865 866 867 868 869 870 871 873 874 875 876 878 879 902 904 1094 1095 1096 1097 1099 1100 1101 1102 1104
71,5,0.0,50713.11099999999,50713.11099999999,142 143 144 145 146 149 226 227 228 229 230 231 232 233 234 235 236 237 238 239 240 241 242 243 244 245 246 247 248 249 250 251 252 253 254 255 256 257 258 259 260 261 262 263 264 265 266 267 268 269 270 271 272 273 274 275 276 277 278 279 280 281 282 283 284 285 286 287 288 289 290 291 292 293 294 295 296 297 298 299 300 301 302 303 304 305 306 307 308 380 381 383 384 385 386 387 388 389 390 391 392 393 394 395 396 397 398 399 400 401 402 403 404 405 412
71,6,0.0,20843.754999999997,0.0,1267 1311 1312 1338 1339 1340 1341 1342 1348 1349 1350 1351 1352 1353 1354 1355 1356 1357 1358 1359 1360 1361 1362 1363 1364 1367 1368 1369 1370 1371 1372 1373 1374 1375 1376 1377 1378 1379 1380 1381 1382 1383 1384 1385 1386 1387 1388 1389 1390 1391 1392 1393 1394 1395 1396 1397 1398 1399 1400 1401 1402 1403 1404 1405 1406 1407 1408 1409 1410 1411 1412 1413 1414 1415 1416 1417 1418
71,7,0.0,36095.202000000005,0.0,48 51 414 415 417 1272 1273 1274 1275 1276 1277 1278 1279 1280 1281 1282 1283 1284 1285 1286 1287 1288 1289 1290 1291 1292 1293 1294 1295 1296 1297 1298 1299 1300 1301 1302 1303 1304 1305 1306 1307 1308 1309 1310 1313 1314 1315 1316 1317 1318 1319 1320 1321 1322 1323 1324 1325 1326 1327 1328 1329 1330 1331 1332 1343 1344 1345 1346 1347
71,8,0.0,121206.71300000002,121206.71300000002,366 369 375 376 377 378 406 409 757 758 763 764 765 766 767 768 769 770 777 778 779 780 781 782 783 784 785 786 845 857 872 877 880 881 882 883 884 885 886 887 888 889 890 891 892 893 894 895 896 897 898 899 900 901 903 905 906 907 908 909 910 911 912 913 914 915 916 917 918 919 920 921 992 996 997 998 999 1000 1001 1002 1003 1004 1005 1006 1007 1008 1009 1010 1011 1012 1013 1039 1044 1045 1046 1047 1048 1049 1050 1051 1052 1053 1054 1055 1056 1057 1058 1059 1060 1061 1062 1063 1064 1065 1066 1069 1071 1072 1073 1074 1075 1076 1077 1078 1079 1080 1081 1082 1083 1084 1085 1086 1087 1088 1089 1090 1091 1092 1093 1098 1103 1105 1106 1107 1108 1109 1110 1111 1112 1113 1114 1115 1116 1117 1118 1119 1120 1121 1122 1123 1124 1125 1126 1127 1128 1129 1130 1131 1132 1133 1134 1135 1136 1137 1138 1139 1140 1141 1142 1143 1144 1145 1146 1147 1148 1149 1150 1151 1152 1153 1154 1155 1156 1157 1158 1159 1160 1161 1162 1163 1164 1165 1166 1167 1169 1172 1173 1174 1175
71,9,0.0,104328.21800000001,104328.21800000001,416 420 423 424 425 426 427 428 429 430 431 432 433 434 435 436 437 438 439 440 441 442 443 444 445 446 447 448 449 450 451 452 453 454 455 456 457 458 459 460 461 462 463 464 465 466 467 468 469 470 471 544 925 933 934 937 987 993 1014 1015 1016 1017 1018 1019 1020 1021 1022 1025 1026 1027 1028 1029 1030 1031 1032 1033 1034 1035 1036 1037 1038 1040 1041 1042 1043 1067 1068 1070 1168 1170 1171 1176 1177 1178 1179 1180 1181 1182 1183 1184 1185 1186 1187 1188 1189 1190 1191 1192 1193 1194 1195 1196 1197 1198 1199 1200 1201 1202 1203 1204 1205 1206 1207 1208 1209 1210 1211 1212 1213 1214 1215 1216 1217 1218 1219 1220 1221 1222 1223 1224 1225 1226 1227 1228 1229 1230 1231 1232 1233 1234 1235 1236 1237 1238 1239 1240 1241 1242 1243 1244 1245 1246 1247 1248 1249 1250 1251 1252 1253 1254 1255 1256 1257 1258 1259 1260 1261 1262 1263 1264 1265 1266 1268 1269 1270 1271 1333 1334 1335 1336 1337 1365 1366
72,0,0.0,129805.55199999877,129805.55199999877,112 121 123 124 127 128 129 130 556 559 563 564 565 566 567 568 569 570 571 572 573 574 576 577 578 579 580 581 582 583 584 585 586 587 589 590 591 592 593 594 595 596 597 598 599 600 601 602 603 604 605 606 607 608 609 610 611 612 613 614 615 616 617 618 619 620 621 622 623 624 625 626 627 628 629 630 631 632 633 634 635 636 637 638 639 640 641 642 643 644 645 646 647 648 649 650 651 652 653 654 655 656 657 658 659 660 661 663 664 667 668 669 673 674 675 676 677 678 679 680 681 682 683 684 685 686 687 688 690 691 692 699 706 707 708 709 710 711 712 713 714 715 716 717 718 719 720 721 722 723 724 725 726 727 728 729 730 731 732 733 734 735 736 737 738 739 740 741 742 743 744 745 746 747 748 749 750 751 752 753 754 755 756 759 762 764 767 775 776 777 787 788 789 790 791 792 793 794 795 796 797 799 800 801 802 803 804 806 808 809 810 811 812 813 814 815 826 827 830 834
72,1,0.0,52838.837,52838.837,0 1 2 3 4 5 6 7 8 9 10 11 12 13 14 15 16 17 18 19 20 21 22 23 24 25 26 27 28 29 30 31 32 33 34 35 36 37 38 39 40 41 42 43 44 45 46 47 49 50 75 78 418 419 472 473 474 475 476 477 481 545 546 547 548 549 550 551 552 553 554 555 557 558 560 561 562
72,2,0.0,129915.63699999917,129915.63699999917,420 421 422 423 430 431 432 433 478 479 480 482 483 484 485 486 487 488 489 490 491 492 493 494 495 496 497 498 499 500 501 502 503 504 505 506 507 508 509 510 511 512 513 514 515 516 517 518 519 520 521 522 523 524 525 526 527 528 529 530 531 532 533 534 535 536 537 538 539 540 541 542 543 544 662 665 666 670 671 672 689 693 694 695 696 697 698 700 701 702 703 704 705 771 772 773 778 784 922 923 924 925 926 927 928 929 930 931 932 933 934 935 936 937 938 939 940 941 942 943 944 945 946 947 948 949 950 951 952 953 954 955 956 957 958 959 960 961 962 963 964 965 966 967 968 969 970 973 974 975 976 977 978 979 980 981 982 983 984 985 986 987 988 989 990 991 994 995 996 998 1016 1017 1019 1020 1022 1023 1025
72,3,0.0,33049.727999999996,33049.727999999996,52 53 54 55 56 57 58 59 60 61 62 63 64 65 66 67 68 69 70 71 72 73 74 76 77 79 80 81 82 83 84 85 86 87 88 89 90 91 92 93 94 95 96 97 98 99 100 101 102 103 104 105 106 107 108 109 110 111 113 114 115 116 117 118 131 132 133 134 135 136 218 219 220 221 222 223 224 225
72,4,0.0,126638.36499999999,126638.36499999999,119 120 122 125 126 137 138 139 140 141 142 143 146 147 148 149 150 151 152 153 154 155 156 157 158 159 160 161 162 163 164 165 166 167 168 169 170 171 172 173 174 175 176 177 178 179 180 181 182 183 184 185 186 187 188 189 190 191 192 193 194 195 196 197 198 199 200 201 202 203 204 205 206 207 208 209 210 211 212 213 214 215 216 217 309 310 311 312 313 314 315 316 317 318 319 320 321 322 323 324 325 326 327 328 329 330 331 332 333 334 335 336 337 338 339 340 341 342 343 344 345 346 347 348 349 350 351 352 353 354 355 356 357 358 359 360 361 362 363 364 365 366 367 368 370 371 372 373 374 376 379 380 381 382 383 391 392 393 394 395 396 397 398 399 401 407 410 411 412 413 575 588 757 758 760 761 763 765 766 768 769 798 805 807 816 817 818 819 820 821 822 823 824 825 828 829 831 832 833 835 836 837 838 839 840 841 842 843 844 845 846 847 848 849 850 851 852 853 854 855 856 857 858 859 860 861 862 863 864 865 866 867 868 869 870 871 872 873 874 875 876 877 878 879 880 902 903 904 1089 1090 1094 1095 1096 1097 1099 1100 1101 1102 1103 1104 1105
72,5,0.0,35847.32399999999,35847.32399999999,144 145 226 227 228 229 230 231 232 233 234 235 236 237 238 239 240 241 242 243 244 245 246 247 248 249 250 251 252 253 254 255 256 257 258 259 260 261 262 263 264 265 266 267 268 269 270 271 272 273 274 275 276 277 278 279 280 281 282 283 284 285 286 287 288 289 290 291 292 293 294 295 296 297 298 299 300 301 302 303 304 305 306 307 308 384 385 386 387 388 389 390 400 402 403 404 405
72,6,0.0,18493.430999999997,18493.430999999997,1267 1311 1312 1338 1339 1340 1341 1342 1348 1349 1350 1351 1352 1353 1354 1355 1356 1357 1358 1359 1360 1361 1362 1363 1364 1367 1368 1369 1370 1371 1372 1373 1374 1375 1376 1377 1378 1379 1380 1381 1382 1383 1384 1385 1386 1387 1388 1389 1390 1391 1392 1393 1394 1395 1396 1397 1398 1399 1400 1401 1402 1403 1404 1405 1406 1407 1408 1409 1410 1411 1412 1413 1414 1415 1416 1417 1418
72,7,0.0,31423.237999999994,31423.237999999994,48 51 414 415 417 1272 1273 1274 1275 1276 1277 1278 1279 1280 1281 1282 1283 1284 1285 1286 1287 1288 1289 1290 1291 1292 1293 1294 1295 1296 1297 1298 1299 1300 1301 1302 1303 1304 1305 1306 1307 1308 1309 1310 1313 1314 1315 1316 1317 1318 1319 1320 1321 1322 1323 1324 1325 1326 1327 1328 1329 1330 1331 1332 1343 1344 1345 1346 1347
72,8,0.0,100819.834,100819.834,369 375 377 378 406 408 409 770 774 779 780 781 782 783 785 786 881 882 883 884 885 886 887 888 889 890 891 892 893 894 895 896 897 898 899 900 901 905 906 907 908 909 910 911 912 913 914 915 916 917 918 919 920 921 971 972 992 993 997 999 1000 1001 1002 1003 1004 1005 1006 1007 1008 1009 1010 1011 1012 1013 1014 1021 1024 1026 1027 1028 1029 1032 1035 1036 1038 1039 1041 1042 1044 1045 1046 1047 1048 1049 1050 1051 1052 1053 1054 1055 1056 1057 1058 1059 1060 1061 1062 1063 1064 1065 1066 1067 1068 1069 1070 1071 1072 1073 1074 1075 1076 1077 1078 1079 1080 1081 1082 1083 1084 1085 1086 1087 1088 1091 1092 1093 1098 1106 1107 1108 1109 1110 1111 1112 1113 1114 1115 1116 1117 1118 1119 1120 1121 1122 1123 1124 1125 1126 1127 1128 1129 1130 1131 1132 1133 1134 1135 1136 1137 1138 1139 1140 1141 1142 1143 1144 1145 1146 1147 1148 1149 1150 1151 1152 1153 1154 1155 1156 1157 1158 1159 1160 1161 1162 1163 1164 1165 1166 1167 1168 1169 1170 1171 1172 1173 1174 1175
72,9,0.0,69870.62299999999,69870.62299999999,416 424 425 426 427 428 429 434 435 436 437 438 439 440 441 442 443 444 445 446 447 448 449 450 451 452 453 454 455 456 457 458 459 460 461 462 463 464 465 466 467 468 469 470 471 1015 1018 1030 1031 1033 1034 1037 1040 1043 1176 1177 1178 1179 1180 1181 1182 1183 1184 1185 1186 1187 1188 1189 1190 1191 1192 1193 1194 1195 1196 1197 1198 1199 1200 1201 1202 1203 1204 1205 1206 1207 1208 1209 1210 1211 1212 1213 1214 1215 1216 1217 1218 1219 1220 1221 1222 1223 1224 1225 1226 1227 1228 1229 1230 1231 1232 1233 1234 1235 1236 1237 1238 1239 1240 1241 1242 1243 1244 1245 1246 1247 1248 1249 1250 1251 1252 1253 1254 1255 1256 1257 1258 1259 1260 1261 1262 1263 1264 1265 1266 1268 1269 1270 1271 1333 1334 1335 1336 1337 1365 1366
73,0,0.0,129383.45699999871,129383.45699999871,112 121 123 124 127 128 129 130 556 559 563 564 565 566 567 568 569 570 571 572 573 574 576 577 578 579 580 581 582 583 584 585 586 587 589 590 591 592 593 594 595 596 597 598 599 600 601 602 603 604 605 606 607 608 609 610 611 612 613 614 615 616 617 618 619 620 621 622 623 624 625 626 627 628 629 630 631 632 633 634 635 636 637 638 639 640 641 642 643 644 645 646 647 648 649 650 651 652 653 654 655 656 657 658 659 660 661 663 664 667 668 669 673 674 675 676 677 678 679 680 681 682 683 684 685 686 687 688 690 691 692 699 706 707 708 709 710 711 712 713 714 715 716 717 718 719 720 721 722 723 724 725 726 727 728 729 730 731 732 733 734 735 736 737 738 739 740 741 742 743 744 745 746 747 748 749 750 751 752 753 754 755 756 759 762 764 767 775 776 777 787 788 789 790 791 792 793 794 795 796 797 799 800 801 802 803 804 806 808 809 810 811 812 813 814 815 826 827 830 834
73,1,47709.675,51910.042,99619.717,0 1 2 3 4 5 6 7 8 9 10 11 12 13 14 15 16 17 18 19 20 21 22 23 24 25 26 27 28 29 30 31 32 33 34 35 36 37 38 39 40 41 42 43 44 45 46 47 49 50 75 78 418 419 472 473 474 475 476 477 481 545 546 547 548 549 550 551 552 553 554 555 557 558 560 561 562
73,2,0.0,126586.81599999909,126586.81599999909,420 421 422 423 430 431 432 433 478 479 480 482 483 484 485 486 487 488 489 490 491 492 493 494 495 496 497 498 499 500 501 502 503 504 505 506 507 508 509 510 511 512 513 514 515 516 517 518 519 520 521 522 523 524 525 526 527 528 529 530 531 532 533 534 535 536 537 538 539 540 541 542 543 544 662 665 666 670 671 672 689 693 694 695 696 697 698 700 701 702 703 704 705 771 772 773 778 784 922 923 924 925 926 927 928 929 930 931 932 933 934 935 936 937 938 939 940 941 942 943 944 945 946 947 948 949 950 951 952 953 954 955 956 957 958 959 960 961 962 963 964 965 966 967 968 969 970 973 974 975 976 977 978 979 980 981 982 983 984 985 986 987 988 989 990 991 994 995 996 998 1016 1017 1019 1020 1022 1023 1025
73,3,29171.462999999996,31292.938999999995,60464.40199999999,52 53 54 55 56 57 58 59 60 61 62 63 64 65 66 67 68 69 70 71 72 73 74 76 77 79 80 81 82 83 84 85 86 87 88 89 90 91 92 93 94 95 96 97 98 99 100 101 102 103 104 105 106 107 108 109 110 111 113 114 115 116 117 118 131 132 133 134 135 136 218 219 220 221 222 223 224 225
73,4,0.0,122060.90700000004,122060.90700000004,119 120 122 125 126 137 138 139 140 141 142 143 146 147 148 149 150 151 152 153 154 155 156 157 158 159 160 161 162 163 164 165 166 167 168 169 170 171 172 173 174 175 176 177 178 179 180 181 182 183 184 185 186 187 188 189 190 191 192 193 194 195 196 197 198 199 200 201 202 203 204 205 206 207 208 209 210 211 212 213 214 215 216 217 309 310 311 312 313 314 315 316 317 318 319 320 321 322 323 324 325 326 327 328 329 330 331 332 333 334 335 336 337 338 339 340 341 342 343 344 345 346 347 348 349 350 351 352 353 354 355 356 357 358 359 360 361 362 363 364 365 366 367 368 370 371 372 373 374 376 379 380 381 382 383 391 392 393 394 395 396 397 398 399 401 407 410 411 412 413 575 588 757 758 760 761 763 765 766 768 769 798 805 807 816 817 818 819 820 821 822 823 824 825 828 829 831 832 833 835 836 837 838 839 840 841 842 843 844 845 846 847 848 849 850 851 852 853 854 855 856 857 858 859 860 861 862 863 864 865 866 867 868 869 870 871 872 873 874 875 876 877 878 879 880 902 903 904 1089 1090 1094 1095 1096 1097 1099 1100 1101 1102 1103 1104 1105
73,5,0.0,35090.933000000005,35090.933000000005,144 145 226 227 228 229 230 231 232 233 234 235 236 237 238 239 240 241 242 243 244 245 246 247 248 249 250 251 252 253 254 255 256 257 258 259 260 261 262 263 264 265 266 267 268 269 270 271 272 273 274 275 276 277 278 279 280 281 282 283 284 285 286 287 288 289 290 291 292 293 294 295 296 297 298 299 300 301 302 303 304 305 306 307 308 384 385 386 387 388 389 390 400 402 403 404 405
73,6,15729.737,19158.75,34888.487,1267 1311 1312 1338 1339 1340 1341 1342 1348 1349 1350 1351 1352 1353 1354 1355 1356 1357 1358 1359 1360 1361 1362 1363 1364 1367 1368 1369 1370 1371 1372 1373 1374 1375 1376 1377 1378 1379 1380 1381 1382 1383 1384 1385 1386 1387 1388 1389 1390 1391 1392 1393 1394 1395 1396 1397 1398 1399 1400 1401 1402 1403 1404 1405 1406 1407 1408 1409 1410 1411 1412 1413 1414 1415 1416 1417 1418
73,7,27673.820999999993,28558.169,56231.98999999999,48 51 414 415 417 1272 1273 1274 1275 1276 1277 1278 1279 1280 1281 1282 1283 1284 1285 1286 1287 1288 1289 1290 1291 1292 1293 1294 1295 1296 1297 1298 1299 1300 1301 1302 1303 1304 1305 1306 1307 1308 1309 1310 1313 1314 1315 1316 1317 1318 1319 1320 1321 1322 1323 1324 1325 1326 1327 1328 1329 1330 1331 1332 1343 1344 1345 1346 1347
73,8,0.0,99380.88399999998,99380.88399999998,369 375 377 378 406 408 409 770 774 779 780 781 782 783 785 786 881 882 883 884 885 886 887 888 889 890 891 892 893 894 895 896 897 898 899 900 901 905 906 907 908 909 910 911 912 913 914 915 916 917 918 919 920 921 971 972 992 993 997 999 1000 1001 1002 1003 1004 1005 1006 1007 1008 1009 1010 1011 1012 1013 1014 1021 1024 1026 1027 1028 1029 1032 1035 1036 1038 1039 1041 1042 1044 1045 1046 1047 1048 1049 1050 1051 1052 1053 1054 1055 1056 1057 1058 1059 1060 1061 1062 1063 1064 1065 1066 1067 1068 1069 1070 1071 1072 1073 1074 1075 1076 1077 1078 1079 1080 1081 1082 1083 1084 1085 1086 1087 1088 1091 1092 1093 1098 1106 1107 1108 1109 1110 1111 1112 1113 1114 1115 1116 1117 1118 1119 1120 1121 1122 1123 1124 1125 1126 1127 1128 1129 1130 1131 1132 1133 1134 1135 1136 1137 1138 1139 1140 1141 1142 1143 1144 1145 1146 1147 1148 1149 1150 1151 1152 1153 1154 1155 1156 1157 1158 1159 1160 1161 1162 1163 1164 1165 1166 1167 1168 1169 1170 1171 1172 1173 1174 1175
73,9,0.0,70946.64600000001,70946.64600000001,416 424 425 426 427 428 429 434 435 436 437 438 439 440 441 442 443 444 445 446 447 448 449 450 451 452 453 454 455 456 457 458 459 460 461 462 463 464 465 466 467 468 469 470 471 1015 1018 1030 1031 1033 1034 1037 1040 1043 1176 1177 1178 1179 1180 1181 1182 1183 1184 1185 1186 1187 1188 1189 1190 1191 1192 1193 1194 1195 1196 1197 1198 1199 1200 1201 1202 1203 1204 1205 1206 1207 1208 1209 1210 1211 1212 1213 1214 1215 1216 1217 1218 1219 1220 1221 1222 1223 1224 1225 1226 1227 1228 1229 1230 1231 1232 1233 1234 1235 1236 1237 1238 1239 1240 1241 1242 1243 1244 1245 1246 1247 1248 1249 1250 1251 1252 1253 1254 1255 1256 1257 1258 1259 1260 1261 1262 1263 1264 1265 1266 1268 1269 1270 1271 1333 1334 1335 1336 1337 1365 1366
74,0,0.0,129844.9529999987,129844.9529999987,112 121 123 124 127 128 129 130 556 559 563 564 565 566 567 568 569 570 571 572 573 574 576 577 578 579 580 581 582 583 584 585 586 587 589 590 591 592 593 594 595 596 597 598 599 600 601 602 603 604 605 606 607 608 609 610 611 612 613 614 615 616 617 618 619 620 621 622 623 624 625 626 627 628 629 630 631 632 633 634 635 636 637 638 639 640 641 642 643 644 645 646 647 648 649 650 651 652 653 654 655 656 657 658 659 660 661 663 664 667 668 669 673 674 675 676 677 678 679 680 681 682 683 684 685 686 687 688 690 691 692 699 706 707 708 709 710 711 712 713 714 715 716 717 718 719 720 721 722 723 724 725 726 727 728 729 730 731 732 733 734 735 736 737 738 739 740 741 742 743 744 745 746 747 748 749 750 751 752 753 754 755 756 759 762 764 767 775 776 777 787 788 789 790 791 792 793 794 795 796 797 799 800 801 802 803 804 806 808 809 810 811 812 813 814 815 826 827 830 834
74,1,0.0,47709.675,0.0,0 1 2 3 4 5 6 7 8 9 10 11 12 13 14 15 16 17 18 19 20 21 22 23 24 25 26 27 28 29 30 31 32 33 34 35 36 37 38 39 40 41 42 43 44 45 46 47 49 50 75 78 418 419 472 473 474 475 476 477 481 545 546 547 548 549 550 551 552 553 554 555 557 558 560 561 562
74,2,0.0,117427.49699999837,117427.49699999837,420 421 422 423 430 431 432 433 478 479 480 482 483 484 485 486 487 488 489 490 491 492 493 494 495 496 497 498 499 500 501 502 503 504 505 506 507 508 509 510 511 512 513 514 515 516 517 518 519 520 521 522 523 524 525 526 527 528 529 530 531 532 533 534 535 536 537 538 539 540 541 542 543 544 662 665 666 670 671 672 689 693 694 695 696 697 698 700 701 702 703 704 705 771 772 773 778 784 922 923 924 925 926 927 928 929 930 931 932 933 934 935 936 937 938 939 940 941 942 943 944 945 946 947 948 949 950 951 952 953 954 955 956 957 958 959 960 961 962 963 964 965 966 967 968 969 970 973 974 975 976 977 978 979 980 981 982 983 984 985 986 987 988 989 990 991 994 995 996 998 1016 1017 1019 1020 1022 1023 1025
74,3,0.0,29171.462999999996,0.0,52 53 54 55 56 57 58 59 60 61 62 63 64 65 66 67 68 69 70 71 72 73 74 76 77 79 80 81 82 83 84 85 86 87 88 89 90 91 92 93 94 95 96 97 98 99 100 101 102 103 104 105 106 107 108 109 110 111 113 114 115 116 117 118 131 132 133 134 135 136 218 219 220 221 222 223 224 225
74,4,0.0,116316.77400000002,116316.77400000002,119 120 122 125 126 137 138 139 140 141 142 143 146 147 148 149 150 151 152 153 154 155 156 157 158 159 160 161 162 163 164 165 166 167 168 169 170 171 172 173 174 175 176 177 178 179 180 181 182 183 184 185 186 187 188 189 190 191 192 193 194 195 196 197 198 199 200 201 202 203 204 205 206 207 208 209 210 211 212 213 214 215 216 217 309 310 311 312 313 314 315 316 317 318 319 320 321 322 323 324 325 326 327 328 329 330 331 332 333 334 335 336 337 338 339 340 341 342 343 344 345 346 347 348 349 350 351 352 353 354 355 356 357 358 359 360 361 362 363 364 365 366 367 368 370 371 372 373 374 376 379 380 381 382 383 391 392 393 394 395 396 397 398 399 401 407 410 411 412 413 575 588 757 758 760 761 763 765 766 768 769 798 805 807 816 817 818 819 820 821 822 823 824 825 828 829 831 832 833 835 836 837 838 839 840 841 842 843 844 845 846 847 848 849 850 851 852 853 854 855 856 857 858 859 860 861 862 863 864 865 866 867 868 869 870 871 872 873 874 875 876 877 878 879 880 902 903 904 1089 1090 1094 1095 1096 1097 1099 1100 1101 1102 1103 1104 1105
74,5,0.0,31761.676,31761.676,144 145 226 227 228 229 230 231 232 233 234 235 236 237 238 239 240 241 242 243 244 245 246 247 248 249 250 251 252 253 254 255 256 257 258 259 260 261 262 263 264 265 266 267 268 269 270 271 272 273 274 275 276 277 278 279 280 281 282 283 284 285 286 287 288 289 290 291 292 293 294 295 296 297 298 299 300 301 302 303 304 305 306 307 308 384 385 386 387 388 389 390 400 402 403 404 405
74,6,0.0,15729.737,0.0,1267 1311 1312 1338 1339 1340 1341 1342 1348 1349 1350 1351 1352 1353 1354 1355 1356 1357 1358 1359 1360 1361 1362 1363 1364 1367 1368 1369 1370 1371 1372 1373 1374 1375 1376 1377 1378 1379 1380 1381 1382 1383 1384 1385 1386 1387 1388 1389 1390 1391 1392 1393 1394 1395 1396 1397 1398 1399 1400 1401 1402 1403 1404 1405 1406 1407 1408 1409 1410 1411 1412 1413 1414 1415 1416 1417 1418
74,7,0.0,27673.820999999993,0.0,48 51 414 415 417 1272 1273 1274 1275 1276 1277 1278 1279 1280 1281 1282 1283 1284 1285 1286 1287 1288 1289 1290 1291 1292 1293 1294 1295 1296 1297 1298 1299 1300 1301 1302 1303 1304 1305 1306 1307 1308 1309 1310 1313 1314 1315 1316 1317 1318 1319 1320 1321 1322 1323 1324 1325 1326 1327 1328 1329 1330 1331 1332 1343 1344 1345 1346 1347
74,8,0.0,94095.856,94095.856,369 375 377 378 406 408 409 770 774 779 780 781 782 783 785 786 881 882 883 884 885 886 887 888 889 890 891 892 893 894 895 896 897 898 899 900 901 905 906 907 908 909 910 911 912 913 914 915 916 917 918 919 920 921 971 972 992 993 997 999 1000 1001 1002 1003 1004 1005 1006 1007 1008 1009 1010 1011 1012 1013 1014 1021 1024 1026 1027 1028 1029 1032 1035 1036 1038 1039 1041 1042 1044 1045 1046 1047 1048 1049 1050 1051 1052 1053 1054 1055 1056 1057 1058 1059 1060 1061 1062 1063 1064 1065 1066 1067 1068 1069 1070 1071 1072 1073 1074 1075 1076 1077 1078 1079 1080 1081 1082 1083 1084 1085 1086 1087 1088 1091 1092 1093 1098 1106 1107 1108 1109 1110 1111 1112 1113 1114 1115 1116 1117 1118 1119 1120 1121 1122 1123 1124 1125 1126 1127 1128 1129 1130 1131 1132 1133 1134 1135 1136 1137 1138 1139 1140 1141 1142 1143 1144 1145 1146 1147 1148 1149 1150 1151 1152 1153 1154 1155 1156 1157 1158 1159 1160 1161 1162 1163 1164 1165 1166 1167 1168 1169 1170 1171 1172 1173 1174 1175
74,9,0.0,64040.60499999999,64040.60499999999,416 424 425 426 427 428 429 434 435 436 437 438 439 440 441 442 443 444 445 446 447 448 449 450 451 452 453 454 455 456 457 458 459 460 461 462 463 464 465 466 467 468 469 470 471 1015 1018 1030 1031 1033 1034 1037 1040 1043 1176 1177 1178 1179 1180 1181 1182 1183 1184 1185 1186 1187 1188 1189 1190 1191 1192 1193 1194 1195 1196 1197 1198 1199 1200 1201 1202 1203 1204 1205 1206 1207 1208 1209 1210 1211 1212 1213 1214 1215 1216 1217 1218 1219 1220 1221 1222 1223 1224 1225 1226 1227 1228 1229 1230 1231 1232 1233 1234 1235 1236 1237 1238 1239 1240 1241 1242 1243 1244 1245 1246 1247 1248 1249 1250 1251 1252 1253 1254 1255 1256 1257 1258 1259 1260 1261 1262 1263 1264 1265 1266 1268 1269 1270 1271 1333 1334 1335 1336 1337 1365 1366
75,0,0.0,129964.826,129964.826,108 109 111 112 117 121 122 123 124 127 130 157 562 563 564 565 566 567 568 570 571 572 573 574 575 576 577 578 579 580 581 582 583 584 585 586 587 588 589 590 591 592 593 594 595 596 597 598 599 600 602 603 604 605 606 607 608 609 610 611 612 613 614 615 617 618 619 620 621 622 623 624 625 626 627 628 629 630 631 632 633 634 635 636 637 638 639 640 641 642 643 644 645 646 648 649 650 651 652 653 654 655 656 657 658 659 660 661 663 664 667 668 669 670 673 674 675 677 678 679 680 681 682 683 684 685 686 687 690 691 692 706 707 708 709 710 712 713 714 715 716 717 718 719 720 721 723 724 725 726 727 728 729 730 731 732 733 734 735 736 737 738 739 740 741 742 743 745 746 747 748 749 750 751 752 753 754 755 756 757 758 759 760 762 763 764 765 766 767 768 775 787 788 789 790 791 792 793 794 795 796 797 798 799 800 801 802 803 804 805 806 808 809 810 811 812 813 814 815 816 817 818 819 820 821 822 826 827 828 829 830 831 832 833 834 836 837 839 840 841 842
75,1,0.0,44437.073000000004,44437.073000000004,0 1 2 3 4 5 6 7 8 9 10 11 12 13 14 15 16 17 18 19 20 21 22 23 24 25 26 27 28 29 30 31 32 33 34 35 36 37 38 39 40 41 42 43 44 45 46 47 49 50 75 78 418 473 474 477 545 546 547 548 549 550 551 552 553 554 555 556 557 558 559 561
75,2,0.0,129996.24000000002,129996.24000000002,419 420 421 422 423 424 429 430 431 432 433 434 436 437 441 442 472 475 476 479 480 481 482 483 484 485 487 488 489 490 491 493 494 495 496 497 498 499 500 501 502 503 504 505 506 507 508 510 511 512 513 514 515 516 517 518 519 520 521 522 523 524 525 526 527 528 529 530 531 532 533 534 535 536 537 538 539 540 541 542 543 544 601 647 662 665 666 671 672 676 688 689 693 694 695 696 697 698 699 700 701 702 703 704 705 771 772 773 774 776 779 781 782 783 784 785 786 885 886 894 922 923 924 925 926 927 928 929 930 931 932 933 934 935 936 937 938 939 940 941 942 943 944 945 946 947 948 949 950 951 952 953 954 955 956 957 958 959 960 961 962 963 964 965 966 967 968 969 970 971 972 973 974 975 976 977 978 979 980 981 982 983 984 985 986 987 988 989 990 991 992 994 995 996 997 998 999 1000 1001 1002 1003 1005 1006 1015 1016 1017 1019 1020 1021 1022 1023 1024 1025 1027 1031
75,3,0.0,30126.904999999875,30126.904999999875,52 53 54 55 56 57 58 59 60 61 62 63 64 65 66 67 68 69 70 71 72 73 74 76 77 79 80 81 82 83 84 85 86 87 88 89 90 91 92 93 94 95 96 97 98 99 100 101 102 103 104 105 106 107 110 113 114 115 116 118 131 132 133 134 135 136 218 219 220 221 222 223 224 225 478 486 492 509 560
75,4,0.0,99092.66299999999,99092.66299999999,119 120 125 126 128 129 137 138 139 140 141 142 143 146 147 148 149 150 151 152 153 154 155 156 158 159 160 161 162 163 164 165 166 167 168 169 170 171 172 173 174 175 176 177 178 179 180 181 182 183 184 185 186 187 188 189 190 191 192 193 194 195 196 197 198 199 200 201 202 203 204 205 206 207 208 209 210 211 212 213 214 215 216 217 309 310 311 312 313 314 315 316 317 318 319 320 321 322 323 324 325 326 327 328 329 330 331 332 333 334 335 336 337 338 339 340 341 342 343 344 345 346 347 348 349 350 351 352 353 354 355 356 357 358 359 360 361 362 363 364 365 366 367 368 370 371 372 373 374 376 379 380 381 382 383 391 392 393 394 395 396 397 398 399 401 407 410 411 412 413 569 616 711 722 744 761 769 807 823 824 825 835 838 843 844 845 846 847 848 849 850 851 852 853 854 855 856 857 858 859 860 861 862 863 864 865 866 867 868 869 870 871 872 873 874 875 876 877 878 879 880 902 903 904 1089 1090 1094 1095 1096 1097 1099 1100 1101 1102 1103 1104 1105
75,5,0.0,30171.11699999999,30171.11699999999,144 145 226 227 228 229 230 231 232 233 234 235 236 237 238 239 240 241 242 243 244 245 246 247 248 249 250 251 252 253 254 255 256 257 258 259 260 261 262 263 264 265 266 267 268 269 270 271 272 273 274 275 276 277 278 279 280 281 282 283 284 285 286 287 288 289 290 291 292 293 294 295 296 297 298 299 300 301 302 303 304 305 306 307 308 384 385 386 387 388 389 390 400 402 403 404 405
75,6,0.0,14004.641,14004.641,1267 1311 1312 1338 1339 1340 1341 1342 1348 1349 1350 1351 1352 1353 1354 1355 1356 1357 1358 1359 1360 1361 1362 1363 1364 1367 1368 1369 1370 1371 1372 1373 1374 1375 1376 1377 1378 1379 1380 1381 1382 1383 1384 1385 1386 1387 1388 1389 1390 1391 1392 1393 1394 1395 1396 1397 1398 1399 1400 1401 1402 1403 1404 1405 1406 1407 1408 1409 1410 1411 1412 1413 1414 1415 1416 1417 1418
75,7,0.0,24603.66999999999,24603.66999999999,48 51 414 415 417 1272 1273 1274 1275 1276 1277 1278 1279 1280 1281 1282 1283 1284 1285 1286 1287 1288 1289 1290 1291 1292 1293 1294 1295 1296 1297 1298 1299 1300 1301 1302 1303 1304 1305 1306 1307 1308 1309 1310 1313 1314 1315 1316 1317 1318 1319 1320 1321 1322 1323 1324 1325 1326 1327 1328 1329 1330 1331 1332 1343 1344 1345 1346 1347
75,8,0.0,83469.327,83469.327,369 375 377 378 406 408 409 770 777 778 780 881 882 883 884 887 888 889 890 891 892 893 895 896 897 898 899 900 901 905 906 907 908 909 910 911 912 913 914 915 916 917 918 919 920 921 993 1004 1007 1008 1009 1010 1011 1012 1013 1014 1026 1028 1029 1032 1035 1036 1038 1039 1041 1042 1044 1045 1046 1047 1048 1049 1050 1051 1052 1053 1054 1055 1056 1057 1058 1059 1060 1061 1062 1063 1064 1065 1066 1067 1068 1069 1070 1071 1072 1073 1074 1075 1076 1077 1078 1079 1080 1081 1082 1083 1084 1085 1086 1087 1088 1091 1092 1093 1098 1106 1107 1108 1109 1110 1111 1112 1113 1114 1115 1116 1117 1118 1119 1120 1121 1122 1123 1124 1125 1126 1127 1128 1129 1130 1131 1132 1133 1134 1135 1136 1137 1138 1139 1140 1141 1142 1143 1144 1145 1146 1147 1148 1149 1150 1151 1152 1153 1154 1155 1156 1157 1158 1159 1160 1161 1162 1163 1164 1165 1166 1167 1168 1169 1170 1171 1172 1173 1174 1175
75,9,0.0,53392.035999999986,53392.035999999986,416 425 426 427 428 435 438 439 440 443 444 445 446 447 448 449 450 451 452 453 454 455 456 457 458 459 460 461 462 463 464 465 466 467 468 469 470 471 1018 1030 1033 1034 1037 1040 1043 1176 1177 1178 1179 1180 1181 1182 1183 1184 1185 1186 1187 1188 1189 1190 1191 1192 1193 1194 1195 1196 1197 1198 1199 1200 1201 1202 1203 1204 1205 1206 1207 1208 1209 1210 1211 1212 1213 1214 1215 1216 1217 1218 1219 1220 1221 1222 1223 1224 1225 1226 1227 1228 1229 1230 1231 1232 1233 1234 1235 1236 1237 1238 1239 1240 1241 1242 1243 1244 1245 1246 1247 1248 1249 1250 1251 1252 1253 1254 1255 1256 1257 1258 1259 1260 1261 1262 1263 1264 1265 1266 1268 1269 1270 1271 1333 1334 1335 1336 1337 1365 1366
76,0,0.0,109805.65600000002,109805.65600000002,108 109 111 112 117 121 122 123 124 127 130 157 562 563 564 565 566 567 568 570 571 572 573 574 575 576 577 578 579 580 581 582 583 584 585 586 587 588 589 590 591 592 593 594 595 596 597 598 599 600 602 603 604 605 606 607 608 609 610 611 612 613 614 615 617 618 619 620 621 622 623 624 625 626 627 628 629 630 631 632 633 634 635 636 637 638 639 640 641 642 643 644 645 646 648 649 650 651 652 653 654 655 656 657 658 659 660 661 663 664 667 668 669 670 673 674 675 677 678 679 680 681 682 683 684 685 686 687 690 691 692 706 707 708 709 710 712 713 714 715 716 717 718 719 720 721 723 724 725 726 727 728 729 730 731 732 733 734 735 736 737 738 739 740 741 742 743 745 746 747 748 749 750 751 752 753 754 755 756 757 758 759 760 762 763 764 765 766 767 768 775 787 788 789 790 791 792 793 794 795 796 797 798 799 800 801 802 803 804 805 806 808 809 810 811 812 813 814 815 816 817 818 819 820 821 822 826 827 828 829 830 831 832 833 834 836 837 839 840 841 842
76,1,0.0,33913.962,33913.962,0 1 2 3 4 5 6 7 8 9 10 11 12 13 14 15 16 17 18 19 20 21 22 23 24 25 26 27 28 29 30 31 32 33 34 35 36 37 38 39 40 41 42 43 44 45 46 47 49 50 75 78 418 473 474 477 545 546 547 548 549 550 551 552 553 554 555 556 557 558 559 561
76,2,0.0,106792.94600000005,106792.94600000005,419 420 421 422 423 424 429 430 431 432 433 434 436 437 441 442 472 475 476 479 480 481 482 483 484 485 487 488 489 490 491 493 494 495 496 497 498 499 500 501 502 503 504 505 506 507 508 510 511 512 513 514 515 516 517 518 519 520 521 522 523 524 525 526 527 528 529 530 531 532 533 534 535 536 537 538 539 540 541 542 543 544 601 647 662 665 666 671 672 676 688 689 693 694 695 696 697 698 699 700 701 702 703 704 705 771 772 773 774 776 779 781 782 783 784 785 786 885 886 894 922 923 924 925 926 927 928 929 930 931 932 933 934 935 936 937 938 939 940 941 942 943 944 945 946 947 948 949 950 951 952 953 954 955 956 957 958 959 960 961 962 963 964 965 966 967 968 969 970 971 972 973 974 975 976 977 978 979 980 981 982 983 984 985 986 987 988 989 990 991 992 994 995 996 997 998 999 1000 1001 1002 1003 1005 1006 1015 1016 1017 1019 1020 1021 1022 1023 1024 1025 1027 1031
76,3,0.0,24674.981999999945,24674.981999999945,52 53 54 55 56 57 58 59 60 61 62 63 64 65 66 67 68 69 70 71 72 73 74 76 77 79 80 81 82 83 84 85 86 87 88 89 90 91 92 93 94 95 96 97 98 99 100 101 102 103 104 105 106 107 110 113 114 115 116 118 131 132 133 134 135 136 218 219 220 221 222 223 224 225 478 486 492 509 560
76,4,0.0,77774.16099999998,77774.16099999998,119 120 125 126 128 129 137 138 139 140 141 142 143 146 147 148 149 150 151 152 153 154 155 156 158 159 160 161 162 163 164 165 166 167 168 169 170 171 172 173 174 175 176 177 178 179 180 181 182 183 184 185 186 187 188 189 190 191 192 193 194 195 196 197 198 199 200 201 202 203 204 205 206 207 208 209 210 211 212 213 214 215 216 217 309 310 311 312 313 314 315 316 317 318 319 320 321 322 323 324 325 326 327 328 329 330 331 332 333 334 335 336 337 338 339 340 341 342 343 344 345 346 347 348 349 350 351 352 353 354 355 356 357 358 359 360 361 362 363 364 365 366 367 368 370 371 372 373 374 376 379 380 381 382 383 391 392 393 394 395 396 397 398 399 401 407 410 411 412 413 569 616 711 722 744 761 769 807 823 824 825 835 838 843 844 845 846 847 848 849 850 851 852 853 854 855 856 857 858 859 860 861 862 863 864 865 866 867 868 869 870 871 872 873 874 875 876 877 878 879 880 902 903 904 1089 1090 1094 1095 1096 1097 1099 1100 1101 1102 1103 1104 1105
76,5,0.0,25770.144999999997,25770.144999999997,144 145 226 227 228 229 230 231 232 233 234 235 236 237 238 239 240 241 242 243 244 245 246 247 248 249 250 251 252 253 254 255 256 257 258 259 260 261 262 263 264 265 266 267 268 269 270 271 272 273 274 275 276 277 278 279 280 281 282 283 284 285 286 287 288 289 290 291 292 293 294 295 296 297 298 299 300 301 302 303 304 305 306 307 308 384 385 386 387 388 389 390 400 402 403 404 405
76,6,0.0,13137.632000000001,13137.632000000001,1267 1311 1312 1338 1339 1340 1341 1342 1348 1349 1350 1351 1352 1353 1354 1355 1356 1357 1358 1359 1360 1361 1362 1363 1364 1367 1368 1369 1370 1371 1372 1373 1374 1375 1376 1377 1378 1379 1380 1381 1382 1383 1384 1385 1386 1387 1388 1389 1390 1391 1392 1393 1394 1395 1396 1397 1398 1399 1400 1401 1402 1403 1404 1405 1406 1407 1408 1409 1410 1411 1412 1413 1414 1415 1416 1417 1418
76,7,51600.554,22375.064000000002,73975.618,48 51 414 415 417 1272 1273 1274 1275 1276 1277 1278 1279 1280 1281 1282 1283 1284 1285 1286 1287 1288 1289 1290 1291 1292 1293 1294 1295 1296 1297 1298 1299 1300 1301 1302 1303 1304 1305 1306 1307 1308 1309 1310 1313 1314 1315 1316 1317 1318 1319 1320 1321 1322 1323 1324 1325 1326 1327 1328 1329 1330 1331 1332 1343 1344 1345 1346 1347
76,8,0.0,60659.442999999985,60659.442999999985,369 375 377 378 406 408 409 770 777 778 780 881 882 883 884 887 888 889 890 891 892 893 895 896 897 898 899 900 901 905 906 907 908 909 910 911 912 913 914 915 916 917 918 919 920 921 993 1004 1007 1008 1009 1010 1011 1012 1013 1014 1026 1028 1029 1032 1035 1036 1038 1039 1041 1042 1044 1045 1046 1047 1048 1049 1050 1051 1052 1053 1054 1055 1056 1057 1058 1059 1060 1061 1062 1063 1064 1065 1066 1067 1068 1069 1070 1071 1072 1073 1074 1075 1076 1077 1078 1079 1080 1081 1082 1083 1084 1085 1086 1087 1088 1091 1092 1093 1098 1106 1107 1108 1109 1110 1111 1112 1113 1114 1115 1116 1117 1118 1119 1120 1121 1122 1123 1124 1125 1126 1127 1128 1129 1130 1131 1132 1133 1134 1135 1136 1137 1138 1139 1140 1141 1142 1143 1144 1145 1146 1147 1148 1149 1150 1151 1152 1153 1154 1155 1156 1157 1158 1159 1160 1161 1162 1163 1164 1165 1166 1167 1168 1169 1170 1171 1172 1173 1174 1175
76,9,0.0,40914.303,40914.303,416 425 426 427 428 435 438 439 440 443 444 445 446 447 448 449 450 451 452 453 454 455 456 457 458 459 460 461 462 463 464 465 466 467 468 469 470 471 1018 1030 1033 1034 1037 1040 1043 1176 1177 1178 1179 1180 1181 1182 1183 1184 1185 1186 1187 1188 1189 1190 1191 1192 1193 1194 1195 1196 1197 1198 1199 1200 1201 1202 1203 1204 1205 1206 1207 1208 1209 1210 1211 1212 1213 1214 1215 1216 1217 1218 1219 1220 1221 1222 1223 1224 1225 1226 1227 1228 1229 1230 1231 1232 1233 1234 1235 1236 1237 1238 1239 1240 1241 1242 1243 1244 1245 1246 1247 1248 1249 1250 1251 1252 1253 1254 1255 1256 1257 1258 1259 1260 1261 1262 1263 1264 1265 1266 1268 1269 1270 1271 1333 1334 1335 1336 1337 1365 1366
77,0,0.0,97679.32700000005,97679.32700000005,108 109 111 112 117 121 122 123 124 127 130 157 562 563 564 565 566 567 568 570 571 572 573 574 575 576 577 578 579 580 581 582 583 584 585 586 587 588 589 590 591 592 593 594 595 596 597 598 599 600 602 603 604 605 606 607 608 609 610 611 612 613 614 615 617 618 619 620 621 622 623 624 625 626 627 628 629 630 631 632 633 634 635 636 637 638 639 640 641 642 643 644 645 646 648 649 650 651 652 653 654 655 656 657 658 659 660 661 663 664 667 668 669 670 673 674 675 677 678 679 680 681 682 683 684 685 686 687 690 691 692 706 707 708 709 710 712 713 714 715 716 717 718 719 720 721 723 724 725 726 727 728 729 730 731 732 733 734 735 736 737 738 739 740 741 742 743 745 746 747 748 749 750 751 752 753 754 755 756 757 758 759 760 762 763 764 765 766 767 768 775 787 788 789 790 791 792 793 794 795 796 797 798 799 800 801 802 803 804 805 806 808 809 810 811 812 813 814 815 816 817 818 819 820 821 822 826 827 828 829 830 831 832 833 834 836 837 839 840 841 842
77,1,48367.788,29085.759000000002,77453.547,0 1 2 3 4 5 6 7 8 9 10 11 12 13 14 15 16 17 18 19 20 21 22 23 24 25 26 27 28 29 30 31 32 33 34 35 36 37 38 39 40 41 42 43 44 45 46 47 49 50 75 78 418 473 474 477 545 546 547 548 549 550 551 552 553 554 555 556 557 558 559 561
77,2,0.0,93756.827,93756.827,419 420 421 422 423 424 429 430 431 432 433 434 436 437 441 442 472 475 476 479 480 481 482 483 484 485 487 488 489 490 491 493 494 495 496 497 498 499 500 501 502 503 504 505 506 507 508 510 511 512 513 514 515 516 517 518 519 520 521 522 523 524 525 526 527 528 529 530 531 532 533 534 535 536 537 538 539 540 541 542 543 544 601 647 662 665 666 671 672 676 688 689 693 694 695 696 697 698 699 700 701 702 703 704 705 771 772 773 774 776 779 781 782 783 784 785 786 885 886 894 922 923 924 925 926 927 928 929 930 931 932 933 934 935 936 937 938 939 940 941 942 943 944 945 946 947 948 949 950 951 952 953 954 955 956 957 958 959 960 961 962 963 964 965 966 967 968 969 970 971 972 973 974 975 976 977 978 979 980 981 982 983 984 985 986 987 988 989 990 991 992 994 995 996 997 998 999 1000 1001 1002 1003 1005 1006 1015 1016 1017 1019 1020 1021 1022 1023 1024 1025 1027 1031
77,3,38703.20199999996,22993.863999999972,61697.06599999993,52 53 54 55 56 57 58 59 60 61 62 63 64 65 66 67 68 69 70 71 72 73 74 76 77 79 80 81 82 83 84 85 86 87 88 89 90 91 92 93 94 95 96 97 98 99 100 101 102 103 104 105 106 107 110 113 114 115 116 118 131 132 133 134 135 136 218 219 220 221 222 223 224 225 478 486 492 509 560
77,4,0.0,66768.897,66768.897,119 120 125 126 128 129 137 138 139 140 141 142 143 146 147 148 149 150 151 152 153 154 155 156 158 159 160 161 162 163 164 165 166 167 168 169 170 171 172 173 174 175 176 177 178 179 180 181 182 183 184 185 186 187 188 189 190 191 192 193 194 195 196 197 198 199 200 201 202 203 204 205 206 207 208 209 210 211 212 213 214 215 216 217 309 310 311 312 313 314 315 316 317 318 319 320 321 322 323 324 325 326 327 328 329 330 331 332 333 334 335 336 337 338 339 340 341 342 343 344 345 346 347 348 349 350 351 352 353 354 355 356 357 358 359 360 361 362 363 364 365 366 367 368 370 371 372 373 374 376 379 380 381 382 383 391 392 393 394 395 396 397 398 399 401 407 410 411 412 413 569 616 711 722 744 761 769 807 823 824 825 835 838 843 844 845 846 847 848 849 850 851 852 853 854 855 856 857 858 859 860 861 862 863 864 865 866 867 868 869 870 871 872 873 874 875 876 877 878 879 880 902 903 904 1089 1090 1094 1095 1096 1097 1099 1100 1101 1102 1103 1104 1105
77,5,34735.333999999995,20911.769999999997,55647.10399999999,144 145 226 227 228 229 230 231 232 233 234 235 236 237 238 239 240 241 242 243 244 245 246 247 248 249 250 251 252 253 254 255 256 257 258 259 260 261 262 263 264 265 266 267 268 269 270 271 272 273 274 275 276 277 278 279 280 281 282 283 284 285 286 287 288 289 290 291 292 293 294 295 296 297 298 299 300 301 302 303 304 305 306 307 308 384 385 386 387 388 389 390 400 402 403 404 405
77,6,18069.862,10683.957999999999,28753.82,1267 1311 1312 1338 1339 1340 1341 1342 1348 1349 1350 1351 1352 1353 1354 1355 1356 1357 1358 1359 1360 1361 1362 1363 1364 1367 1368 1369 1370 1371 1372 1373 1374 1375 1376 1377 1378 1379 1380 1381 1382 1383 1384 1385 1386 1387 1388 1389 1390 1391 1392 1393 1394 1395 1396 1397 1398 1399 1400 1401 1402 1403 1404 1405 1406 1407 1408 1409 1410 1411 1412 1413 1414 1415 1416 1417 1418
77,7,31608.097999999998,19992.456,0.0,48 51 414 415 417 1272 1273 1274 1275 1276 1277 1278 1279 1280 1281 1282 1283 1284 1285 1286 1287 1288 1289 1290 1291 1292 1293 1294 1295 1296 1297 1298 1299 1300 1301 1302 1303 1304 1305 1306 1307 1308 1309 1310 1313 1314 1315 1316 1317 1318 1319 1320 1321 1322 1323 1324 1325 1326 1327 1328 1329 1330 1331 1332 1343 1344 1345 1346 1347
77,8,0.0,56348.43299999999,56348.43299999999,369 375 377 378 406 408 409 770 777 778 780 881 882 883 884 887 888 889 890 891 892 893 895 896 897 898 899 900 901 905 906 907 908 909 910 911 912 913 914 915 916 917 918 919 920 921 993 1004 1007 1008 1009 1010 1011 1012 1013 1014 1026 1028 1029 1032 1035 1036 1038 1039 1041 1042 1044 1045 1046 1047 1048 1049 1050 1051 1052 1053 1054 1055 1056 1057 1058 1059 1060 1061 1062 1063 1064 1065 1066 1067 1068 1069 1070 1071 1072 1073 1074 1075 1076 1077 1078 1079 1080 1081 1082 1083 1084 1085 1086 1087 1088 1091 1092 1093 1098 1106 1107 1108 1109 1110 1111 1112 1113 1114 1115 1116 1117 1118 1119 1120 1121 1122 1123 1124 1125 1126 1127 1128 1129 1130 1131 1132 1133 1134 1135 1136 1137 1138 1139 1140 1141 1142 1143 1144 1145 1146 1147 1148 1149 1150 1151 1152 1153 1154 1155 1156 1157 1158 1159 1160 1161 1162 1163 1164 1165 1166 1167 1168 1169 1170 1171 1172 1173 1174 1175
77,9,0.0,35106.69600000001,35106.69600000001,416 425 426 427 428 435 438 439 440 443 444 445 446 447 448 449 450 451 452 453 454 455 456 457 458 459 460 461 462 463 464 465 466 467 468 469 470 471 1018 1030 1033 1034 1037 1040 1043 1176 1177 1178 1179 1180 1181 1182 1183 1184 1185 1186 1187 1188 1189 1190 1191 1192 1193 1194 1195 1196 1197 1198 1199 1200 1201 1202 1203 1204 1205 1206 1207 1208 1209 1210 1211 1212 1213 1214 1215 1216 1217 1218 1219 1220 1221 1222 1223 1224 1225 1226 1227 1228 1229 1230 1231 1232 1233 1234 1235 1236 1237 1238 1239 1240 1241 1242 1243 1244 1245 1246 1247 1248 1249 1250 1251 1252 1253 1254 1255 1256 1257 1258 1259 1260 1261 1262 1263 1264 1265 1266 1268 1269 1270 1271 1333 1334 1335 1336 1337 1365 1366
78,0,0.0,85903.76199999999,85903.76199999999,108 109 111 112 117 121 122 123 124 127 130 157 562 563 564 565 566 567 568 570 571 572 573 574 575 576 577 578 579 580 581 582 583 584 585 586 587 588 589 590 591 592 593 594 595 596 597 598 599 600 602 603 604 605 606 607 608 609 610 611 612 613 614 615 617 618 619 620 621 622 623 624 625 626 627 628 629 630 631 632 633 634 635 636 637 638 639 640 641 642 643 644 645 646 648 649 650 651 652 653 654 655 656 657 658 659 660 661 663 664 667 668 669 670 673 674 675 677 678 679 680 681 682 683 684 685 686 687 690 691 692 706 707 708 709 710 712 713 714 715 716 717 718 719 720 721 723 724 725 726 727 728 729 730 731 732 733 734 735 736 737 738 739 740 741 742 743 745 746 747 748 749 750 751 752 753 754 755 756 757 758 759 760 762 763 764 765 766 767 768 775 787 788 789 790 791 792 793 794 795 796 797 798 799 800 801 802 803 804 805 806 808 809 810 811 812 813 814 815 816 817 818 819 820 821 822 826 827 828 829 830 831 832 833 834 836 837 839 840 841 842
78,1,23010.008,25357.78,0.0,0 1 2 3 4 5 6 7 8 9 10 11 12 13 14 15 16 17 18 19 20 21 22 23 24 25 26 27 28 29 30 31 32 33 34 35 36 37 38 39 40 41 42 43 44 45 46 47 49 50 75 78 418 473 474 477 545 546 547 548 549 550 551 552 553 554 555 556 557 558 559 561
78,2,0.0,82747.166,82747.166,419 420 421 422 423 424 429 430 431 432 433 434 436 437 441 442 472 475 476 479 480 481 482 483 484 485 487 488 489 490 491 493 494 495 496 497 498 499 500 501 502 503 504 505 506 507 508 510 511 512 513 514 515 516 517 518 519 520 521 522 523 524 525 526 527 528 529 530 531 532 533 534 535 536 537 538 539 540 541 542 543 544 601 647 662 665 666 671 672 676 688 689 693 694 695 696 697 698 699 700 701 702 703 704 705 771 772 773 774 776 779 781 782 783 784 785 786 885 886 894 922 923 924 925 926 927 928 929 930 931 932 933 934 935 936 937 938 939 940 941 942 943 944 945 946 947 948 949 950 951 952 953 954 955 956 957 958 959 960 961 962 963 964 965 966 967 968 969 970 971 972 973 974 975 976 977 978 979 980 981 982 983 984 985 986 987 988 989 990 991 992 994 995 996 997 998 999 1000 1001 1002 1003 1005 1006 1015 1016 1017 1019 1020 1021 1022 1023 1024 1025 1027 1031
78,3,17809.114999999976,20894.086999999985,0.0,52 53 54 55 56 57 58 59 60 61 62 63 64 65 66 67 68 69 70 71 72 73 74 76 77 79 80 81 82 83 84 85 86 87 88 89 90 91 92 93 94 95 96 97 98 99 100 101 102 103 104 105 106 107 110 113 114 115 116 118 131 132 133 134 135 136 218 219 220 221 222 223 224 225 478 486 492 509 560
78,4,51240.808000000005,57577.15199999996,108817.95999999996,119 120 125 126 128 129 137 138 139 140 141 142 143 146 147 148 149 150 151 152 153 154 155 156 158 159 160 161 162 163 164 165 166 167 168 169 170 171 172 173 174 175 176 177 178 179 180 181 182 183 184 185 186 187 188 189 190 191 192 193 194 195 196 197 198 199 200 201 202 203 204 205 206 207 208 209 210 211 212 213 214 215 216 217 309 310 311 312 313 314 315 316 317 318 319 320 321 322 323 324 325 326 327 328 329 330 331 332 333 334 335 336 337 338 339 340 341 342 343 344 345 346 347 348 349 350 351 352 353 354 355 356 357 358 359 360 361 362 363 364 365 366 367 368 370 371 372 373 374 376 379 380 381 382 383 391 392 393 394 395 396 397 398 399 401 407 410 411 412 413 569 616 711 722 744 761 769 807 823 824 825 835 838 843 844 845 846 847 848 849 850 851 852 853 854 855 856 857 858 859 860 861 862 863 864 865 866 867 868 869 870 871 872 873 874 875 876 877 878 879 880 902 903 904 1089 1090 1094 1095 1096 1097 1099 1100 1101 1102 1103 1104 1105
78,5,16865.35,17869.983999999997,0.0,144 145 226 227 228 229 230 231 232 233 234 235 236 237 238 239 240 241 242 243 244 245 246 247 248 249 250 251 252 253 254 255 256 257 258 259 260 261 262 263 264 265 266 267 268 269 270 271 272 273 274 275 276 277 278 279 280 281 282 283 284 285 286 287 288 289 290 291 292 293 294 295 296 297 298 299 300 301 302 303 304 305 306 307 308 384 385 386 387 388 389 390 400 402 403 404 405
78,6,8187.362000000001,9882.5,0.0,1267 1311 1312 1338 1339 1340 1341 1342 1348 1349 1350 1351 1352 1353 1354 1355 1356 1357 1358 1359 1360 1361 1362 1363 1364 1367 1368 1369 1370 1371 1372 1373 1374 1375 1376 1377 1378 1379 1380 1381 1382 1383 1384 1385 1386 1387 1388 1389 1390 1391 1392 1393 1394 1395 1396 1397 1398 1399 1400 1401 1402 1403 1404 1405 1406 1407 1408 1409 1410 1411 1412 1413 1414 1415 1416 1417 1418
78,7,14825.193999999998,16782.904,0.0,48 51 414 415 417 1272 1273 1274 1275 1276 1277 1278 1279 1280 1281 1282 1283 1284 1285 1286 1287 1288 1289 1290 1291 1292 1293 1294 1295 1296 1297 1298 1299 1300 1301 1302 1303 1304 1305 1306 1307 1308 1309 1310 1313 1314 1315 1316 1317 1318 1319 1320 1321 1322 1323 1324 1325 1326 1327 1328 1329 1330 1331 1332 1343 1344 1345 1346 1347
78,8,42221.742000000006,47584.43099999998,89806.17299999998,369 375 377 378 406 408 409 770 777 778 780 881 882 883 884 887 888 889 890 891 892 893 895 896 897 898 899 900 901 905 906 907 908 909 910 911 912 913 914 915 916 917 918 919 920 921 993 1004 1007 1008 1009 1010 1011 1012 1013 1014 1026 1028 1029 1032 1035 1036 1038 1039 1041 1042 1044 1045 1046 1047 1048 1049 1050 1051 1052 1053 1054 1055 1056 1057 1058 1059 1060 1061 1062 1063 1064 1065 1066 1067 1068 1069 1070 1071 1072 1073 1074 1075 1076 1077 1078 1079 1080 1081 1082 1083 1084 1085 1086 1087 1088 1091 1092 1093 1098 1106 1107 1108 1109 1110 1111 1112 1113 1114 1115 1116 1117 1118 1119 1120 1121 1122 1123 1124 1125 1126 1127 1128 1129 1130 1131 1132 1133 1134 1135 1136 1137 1138 1139 1140 1141 1142 1143 1144 1145 1146 1147 1148 1149 1150 1151 1152 1153 1154 1155 1156 1157 1158 1159 1160 1161 1162 1163 1164 1165 1166 1167 1168 1169 1170 1171 1172 1173 1174 1175
78,9,27748.873999999993,32984.10099999999,60732.97499999998,416 425 426 427 428 435 438 439 440 443 444 445 446 447 448 449 450 451 452 453 454 455 456 457 458 459 460 461 462 463 464 465 466 467 468 469 470 471 1018 1030 1033 1034 1037 1040 1043 1176 1177 1178 1179 1180 1181 1182 1183 1184 1185 1186 1187 1188 1189 1190 1191 1192 1193 1194 1195 1196 1197 1198 1199 1200 1201 1202 1203 1204 1205 1206 1207 1208 1209 1210 1211 1212 1213 1214 1215 1216 1217 1218 1219 1220 1221 1222 1223 1224 1225 1226 1227 1228 1229 1230 1231 1232 1233 1234 1235 1236 1237 1238 1239 1240 1241 1242 1243 1244 1245 1246 1247 1248 1249 1250 1251 1252 1253 1254 1255 1256 1257 1258 1259 1260 1261 1262 1263 1264 1265 1266 1268 1269 1270 1271 1333 1334 1335 1336 1337 1365 1366
79,0,0.0,77278.18699999998,77278.18699999998,108 109 111 112 117 121 122 123 124 127 130 157 562 563 564 565 566 567 568 570 571 572 573 574 575 576 577 578 579 580 581 582 583 584 585 586 587 588 589 590 591 592 593 594 595 596 597 598 599 600 602 603 604 605 606 607 608 609 610 611 612 613 614 615 617 618 619 620 621 622 623 624 625 626 627 628 629 630 631 632 633 634 635 636 637 638 639 640 641 642 643 644 645 646 648 649 650 651 652 653 654 655 656 657 658 659 660 661 663 664 667 668 669 670 673 674 675 677 678 679 680 681 682 683 684 685 686 687 690 691 692 706 707 708 709 710 712 713 714 715 716 717 718 719 720 721 723 724 725 726 727 728 729 730 731 732 733 734 735 736 737 738 739 740 741 742 743 745 746 747 748 749 750 751 752 753 754 755 756 757 758 759 760 762 763 764 765 766 767 768 775 787 788 789 790 791 792 793 794 795 796 797 798 799 800 801 802 803 804 805 806 808 809 810 811 812 813 814 815 816 817 818 819 820 821 822 826 827 828 829 830 831 832 833 834 836 837 839 840 841 842
79,1,0.0,23010.008,0.0,0 1 2 3 4 5 6 7 8 9 10 11 12 13 14 15 16 17 18 19 20 21 22 23 24 25 26 27 28 29 30 31 32 33 34 35 36 37 38 39 40 41 42 43 44 45 46 47 49 50 75 78 418 473 474 477 545 546 547 548 549 550 551 552 553 554 555 556 557 558 559 561
79,2,0.0,78071.42400000001,78071.42400000001,419 420 421 422 423 424 429 430 431 432 433 434 436 437 441 442 472 475 476 479 480 481 482 483 484 485 487 488 489 490 491 493 494 495 496 497 498 499 500 501 502 503 504 505 506 507 508 510 511 512 513 514 515 516 517 518 519 520 521 522 523 524 525 526 527 528 529 530 531 532 533 534 535 536 537 538 539 540 541 542 543 544 601 647 662 665 666 671 672 676 688 689 693 694 695 696 697 698 699 700 701 702 703 704 705 771 772 773 774 776 779 781 782 783 784 785 786 885 886 894 922 923 924 925 926 927 928 929 930 931 932 933 934 935 936 937 938 939 940 941 942 943 944 945 946 947 948 949 950 951 952 953 954 955 956 957 958 959 960 961 962 963 964 965 966 967 968 969 970 971 972 973 974 975 976 977 978 979 980 981 982 983 984 985 986 987 988 989 990 991 992 994 995 996 997 998 999 1000 1001 1002 1003 1005 1006 1015 1016 1017 1019 1020 1021 1022 1023 1024 1025 1027 1031
79,3,0.0,17809.114999999976,0.0,52 53 54 55 56 57 58 59 60 61 62 63 64 65 66 67 68 69 70 71 72 73 74 76 77 79 80 81 82 83 84 85 86 87 88 89 90 91 92 93 94 95 96 97 98 99 100 101 102 103 104 105 106 107 110 113 114 115 116 118 131 132 133 134 135 136 218 219 220 221 222 223 224 225 478 486 492 509 560
79,4,0.0,51240.808000000005,0.0,119 120 125 126 128 129 137 138 139 140 141 142 143 146 147 148 149 150 151 152 153 154 155 156 158 159 160 161 162 163 164 165 166 167 168 169 170 171 172 173 174 175 176 177 178 179 180 181 182 183 184 185 186 187 188 189 190 191 192 193 194 195 196 197 198 199 200 201 202 203 204 205 206 207 208 209 210 211 212 213 214 215 216 217 309 310 311 312 313 314 315 316 317 318 319 320 321 322 323 324 325 326 327 328 329 330 331 332 333 334 335 336 337 338 339 340 341 342 343 344 345 346 347 348 349 350 351 352 353 354 355 356 357 358 359 360 361 362 363 364 365 366 367 368 370 371 372 373 374 376 379 380 381 382 383 391 392 393 394 395 396 397 398 399 401 407 410 411 412 413 569 616 711 722 744 761 769 807 823 824 825 835 838 843 844 845 846 847 848 849 850 851 852 853 854 855 856 857 858 859 860 861 862 863 864 865 866 867 868 869 870 871 872 873 874 875 876 877 878 879 880 902 903 904 1089 1090 1094 1095 1096 1097 1099 1100 1101 1102 1103 1104 1105
79,5,0.0,16865.35,0.0,144 145 226 227 228 229 230 231 232 233 234 235 236 237 238 239 240 241 242 243 244 245 246 247 248 249 250 251 252 253 254 255 256 257 258 259 260 261 262 263 264 265 266 267 268 269 270 271 272 273 274 275 276 277 278 279 280 281 282 283 284 285 286 287 288 289 290 291 292 293 294 295 296 297 298 299 300 301 302 303 304 305 306 307 308 384 385 386 387 388 389 390 400 402 403 404 405
79,6,0.0,8187.362000000001,0.0,1267 1311 1312 1338 1339 1340 1341 1342 1348 1349 1350 1351 1352 1353 1354 1355 1356 1357 1358 1359 1360 1361 1362 1363 1364 1367 1368 1369 1370 1371 1372 1373 1374 1375 1376 1377 1378 1379 1380 1381 1382 1383 1384 1385 1386 1387 1388 1389 1390 1391 1392 1393 1394 1395 1396 1397 1398 1399 1400 1401 1402 1403 1404 1405 1406 1407 1408 1409 1410 1411 1412 1413 1414 1415 1416 1417 1418
79,7,0.0,14825.193999999998,0.0,48 51 414 415 417 1272 1273 1274 1275 1276 1277 1278 1279 1280 1281 1282 1283 1284 1285 1286 1287 1288 1289 1290 1291 1292 1293 1294 1295 1296 1297 1298 1299 1300 1301 1302 1303 1304 1305 1306 1307 1308 1309 1310 1313 1314 1315 1316 1317 1318 1319 1320 1321 1322 1323 1324 1325 1326 1327 1328 1329 1330 1331 1332 1343 1344 1345 1346 1347
79,8,0.0,42221.742000000006,0.0,369 375 377 378 406 408 409 770 777 778 780 881 882 883 884 887 888 889 890 891 892 893 895 896 897 898 899 900 901 905 906 907 908 909 910 911 912 913 914 915 916 917 918 919 920 921 993 1004 1007 1008 1009 1010 1011 1012 1013 1014 1026 1028 1029 1032 1035 1036 1038 1039 1041 1042 1044 1045 1046 1047 1048 1049 1050 1051 1052 1053 1054 1055 1056 1057 1058 1059 1060 1061 1062 1063 1064 1065 1066 1067 1068 1069 1070 1071 1072 1073 1074 1075 1076 1077 1078 1079 1080 1081 1082 1083 1084 1085 1086 1087 1088 1091 1092 1093 1098 1106 1107 1108 1109 1110 1111 1112 1113 1114 1115 1116 1117 1118 1119 1120 1121 1122 1123 1124 1125 1126 1127 1128 1129 1130 1131 1132 1133 1134 1135 1136 1137 1138 1139 1140 1141 1142 1143 1144 1145 1146 1147 1148 1149 1150 1151 1152 1153 1154 1155 1156 1157 1158 1159 1160 1161 1162 1163 1164 1165 1166 1167 1168 1169 1170 1171 1172 1173 1174 1175
79,9,0.0,27748.873999999993,0.0,416 425 426 427 428 435 438 439 440 443 444 445 446 447 448 449 450 451 452 453 454 455 456 457 458 459 460 461 462 463 464 465 466 467 468 469 470 471 1018 1030 1033 1034 1037 1040 1043 1176 1177 1178 1179 1180 1181 1182 1183 1184 1185 1186 1187 1188 1189 1190 1191 1192 1193 1194 1195 1196 1197 1198 1199 1200 1201 1202 1203 1204 1205 1206 1207 1208 1209 1210 1211 1212 1213 1214 1215 1216 1217 1218 1219 1220 1221 1222 1223 1224 1225 1226 1227 1228 1229 1230 1231 1232 1233 1234 1235 1236 1237 1238 1239 1240 1241 1242 1243 1244 1245 1246 1247 1248 1249 1250 1251 1252 1253 1254 1255 1256 1257 1258 1259 1260 1261 1262 1263 1264 1265 1266 1268 1269 1270 1271 1333 1334 1335 1336 1337 1365 1366
80,0,0.0,99570.07699999999,99570.07699999999,24 27 106 107 108 109 110 111 112 116 117 118 119 120 121 122 123 124 125 126 127 128 129 130 137 154 155 156 157 158 159 160 161 162 163 166 167 168 169 170 474 475 476 477 478 490 491 492 498 499 500 501 502 503 504 545 546 547 548 549 550 551 552 553 554 555 556 557 558 559 560 561 562 563 564 565 566 567 568 569 570 571 572 573 574 575 576 577 578 579 580 581 582 583 584 585 586 587 588 589 590 591 592 593 594 595 596 597 598 599 600 601 602 603 604 605 606 607 608 609 610 611 612 613 614 615 616 617 618 619 620 621 622 623 624 625 626 627 628 629 630 631 632 633 634 635 636 637 638 639 640 641 642 643 644 645 646 647 648 649 650 651 652 653 654 655 656 657 658 659 660 661 662 663 664 665 666 667 668 669 670 671 672 673 674 675 676 677 678 679 680 681 682 683 684 685 686 687 688 689 690 691 692 693 694 695 696 697 698 699 700 701 702 703 704 705 706 707 708 709 710 711 712 713 714 715 716 717 718 719 720 721 722 723 724 725 726 727 728 729 730 731 732 733 734 735 736 737 738 739 740 741 742 743 744 745 746 747 748 749 750 751 752 753 754 755 756 757 758 759 760 761 762 763 764 765 766 767 768 769 770 771 772 773 775 776 777 778 779 780 781 782 784 785 787 788 789 790 791 792 793 794 795 796 797 798 799 800 801 802 803 804 805 806 807 808 809 810 811 812 813 814 815 816 817 818 819 820 821 822 823 824 825 826 827 828 829 830 831 832 833 834 835 836 837 838 839 840 841 842 843 844 845 846 847 848 849 850 851 852 853 854 855 856 857 858 859 860 861 862 872 889 890 891 892 893 898 899 900 901 902 903 904 905 906 907 908 909 912 953 954
80,1,0.0,13755.527000000002,13755.527000000002,0 1 2 3 4 5 6 7 8 9 10 11 12 13 14 15 16 17 18 19 20 21 22 23 25 26 28 29 30 31 32 33 34 35 36 37 38 39 40 41 42 43 44 45 46 47 49 50 75 78
80,2,0.0,65114.318999999996,65114.318999999996,415 416 418 419 420 421 422 423 424 425 426 427 429 430 431 432 433 434 435 436 437 438 439 440 441 442 443 444 445 446 472 473 479 480 481 482 483 484 485 486 487 488 489 493 494 495 496 497 505 506 507 508 509 510 511 512 513 514 515 516 517 518 519 520 521 522 523 524 525 526 527 528 529 530 531 532 533 534 535 536 537 538 539 540 541 542 543 544 774 783 786 885 886 887 888 894 895 896 897 918 922 923 924 925 926 927 928 929 930 931 932 933 934 935 936 937 938 939 940 941 942 943 944 945 946 947 948 949 950 951 952 955 956 957 958 959 960 961 962 963 964 965 966 967 968 969 970 971 972 973 974 975 976 977 978 979 980 981 982 983 984 985 986 987 988 989 990 991 992 993 994 995 996 997 998 999 1000 1001 1002 1003 1004 1005 1006 1007 1008 1011 1012 1013 1014 1015 1016 1017 1018 1019 1020 1021 1022 1023 1024 1025 1026 1027 1028 1029 1030 1031 1032 1033 1034 1035
80,3,0.0,13654.601999999993,13654.601999999993,52 53 54 55 56 57 58 59 60 61 62 63 64 65 66 67 68 69 70 71 72 73 74 76 77 79 80 81 82 83 84 85 86 87 88 89 90 91 92 93 94 95 96 97 98 99 100 101 102 103 104 105 113 114 115 131 132 133 134 135 136 218 219 220 221 222 223 224 225
80,4,0.0,33700.587,33700.587,138 139 140 141 142 143 146 147 148 149 150 151 152 153 164 165 171 172 173 174 175 176 177 178 179 180 181 182 183 184 185 186 187 188 189 190 191 192 193 194 195 196 197 198 199 200 201 202 203 204 205 206 207 208 209 210 211 212 213 214 215 216 217 309 310 311 312 313 314 315 316 317 318 319 320 321 322 323 324 325 326 327 328 329 330 331 332 333 334 335 336 337 338 339 340 341 342 343 344 345 346 347 348 349 350 351 352 353 354 355 356 357 358 359 360 361 362 363 364 365 366 367 368 370 371 372 373 374 376 379 380 381 382 383 391 392 393 394 395 396 397 398 399 401 407 410 411 412 413 863 864 865 866 867 868 869 870 871 873 874 875 876 877 878 879 880 1089 1090 1094 1095 1096 1097 1099 1100 1101 1102 1103 1104 1105
80,5,0.0,13791.872999999994,13791.872999999994,144 145 226 227 228 229 230 231 232 233 234 235 236 237 238 239 240 241 242 243 244 245 246 247 248 249 250 251 252 253 254 255 256 257 258 259 260 261 262 263 264 265 266 267 268 269 270 271 272 273 274 275 276 277 278 279 280 281 282 283 284 285 286 287 288 289 290 291 292 293 294 295 296 297 298 299 300 301 302 303 304 305 306 307 308 384 385 386 387 388 389 390 400 402 403 404 405
80,6,0.0,7536.975,7536.975,1267 1311 1312 1338 1339 1340 1341 1342 1348 1349 1350 1351 1352 1353 1354 1355 1356 1357 1358 1359 1360 1361 1362 1363 1364 1367 1368 1369 1370 1371 1372 1373 1374 1375 1376 1377 1378 1379 1380 1381 1382 1383 1384 1385 1386 1387 1388 1389 1390 1391 1392 1393 1394 1395 1396 1397 1398 1399 1400 1401 1402 1403 1404 1405 1406 1407 1408 1409 1410 1411 1412 1413 1414 1415 1416 1417 1418
80,7,0.0,12996.905999999999,12996.905999999999,48 51 414 417 1272 1273 1274 1275 1276 1277 1278 1279 1280 1281 1282 1283 1284 1285 1286 1287 1288 1289 1290 1291 1292 1293 1294 1295 1296 1297 1298 1299 1300 1301 1302 1303 1304 1305 1306 1307 1308 1309 1310 1313 1314 1315 1316 1317 1318 1319 1320 1321 1322 1323 1324 1325 1326 1327 1328 1329 1330 1331 1332 1343 1344 1345 1346 1347
80,8,0.0,27656.185000000016,27656.185000000016,369 375 377 378 406 408 409 881 882 883 884 910 911 913 914 915 916 917 919 920 921 1009 1010 1036 1038 1039 1041 1042 1044 1045 1046 1047 1048 1049 1050 1051 1052 1053 1054 1055 1056 1057 1058 1059 1060 1061 1062 1063 1064 1065 1066 1067 1068 1069 1070 1071 1072 1073 1074 1075 1076 1077 1078 1079 1080 1081 1082 1083 1084 1085 1086 1087 1088 1091 1092 1093 1098 1106 1107 1108 1109 1110 1111 1112 1113 1114 1115 1116 1117 1118 1119 1120 1121 1122 1123 1124 1125 1126 1127 1128 1129 1130 1131 1132 1133 1134 1135 1136 1137 1138 1139 1140 1141 1142 1143 1144 1145 1146 1147 1148 1149 1150 1151 1152 1153 1154 1155 1156 1157 1158 1159 1160 1161 1162 1163 1164 1165 1166 1167 1168 1169 1170 1171 1172 1173 1174 1175
80,9,0.0,18797.562000000005,18797.562000000005,428 447 448 449 450 451 452 453 454 455 456 457 458 459 460 461 462 463 464 465 466 467 468 469 470 471 1037 1040 1043 1176 1177 1178 1179 1180 1181 1182 1183 1184 1185 1186 1187 1188 1189 1190 1191 1192 1193 1194 1195 1196 1197 1198 1199 1200 1201 1202 1203 1204 1205 1206 1207 1208 1209 1210 1211 1212 1213 1214 1215 1216 1217 1218 1219 1220 1221 1222 1223 1224 1225 1226 1227 1228 1229 1230 1231 1232 1233 1234 1235 1236 1237 1238 1239 1240 1241 1242 1243 1244 1245 1246 1247 1248 1249 1250 1251 1252 1253 1254 1255 1256 1257 1258 1259 1260 1261 1262 1263 1264 1265 1266 1268 1269 1270 1271 1333 1334 1335 1336 1337 1365 1366
81,0,0.0,82394.99399999998,82394.99399999998,24 27 106 107 108 109 110 111 112 116 117 118 119 120 121 122 123 124 125 126 127 128 129 130 137 154 155 156 157 158 159 160 161 162 163 166 167 168 169 170 474 475 476 477 478 490 491 492 498 499 500 501 502 503 504 545 546 547 548 549 550 551 552 553 554 555 556 557 558 559 560 561 562 563 564 565 566 567 568 569 570 571 572 573 574 575 576 577 578 579 580 581 582 583 584 585 586 587 588 589 590 591 592 593 594 595 596 597 598 599 600 601 602 603 604 605 606 607 608 609 610 611 612 613 614 615 616 617 618 619 620 621 622 623 624 625 626 627 628 629 630 631 632 633 634 635 636 637 638 639 640 641 642 643 644 645 646 647 648 649 650 651 652 653 654 655 656 657 658 659 660 661 662 663 664 665 666 667 668 669 670 671 672 673 674 675 676 677 678 679 680 681 682 683 684 685 686 687 688 689 690 691 692 693 694 695 696 697 698 699 700 701 702 703 704 705 706 707 708 709 710 711 712 713 714 715 716 717 718 719 720 721 722 723 724 725 726 727 728 729 730 731 732 733 734 735 736 737 738 739 740 741 742 743 744 745 746 747 748 749 750 751 752 753 754 755 756 757 758 759 760 761 762 763 764 765 766 767 768 769 770 771 772 773 775 776 777 778 779 780 781 782 784 785 787 788 789 790 791 792 793 794 795 796 797 798 799 800 801 802 803 804 805 806 807 808 809 810 811 812 813 814 815 816 817 818 819 820 821 822 823 824 825 826 827 828 829 830 831 832 833 834 835 836 837 838 839 840 841 842 843 844 845 846 847 848 849 850 851 852 853 854 855 856 857 858 859 860 861 862 872 889 890 891 892 893 898 899 900 901 902 903 904 905 906 907 908 909 912 953 954
81,1,0.0,12379.249999999995,12379.249999999995,0 1 2 3 4 5 6 7 8 9 10 11 12 13 14 15 16 17 18 19 20 21 22 23 25 26 28 29 30 31 32 33 34 35 36 37 38 39 40 41 42 43 44 45 46 47 49 50 75 78
81,2,0.0,55561.81100000001,55561.81100000001,415 416 418 419 420 421 422 423 424 425 426 427 429 430 431 432 433 434 435 436 437 438 439 440 441 442 443 444 445 446 472 473 479 480 481 482 483 484 485 486 487 488 489 493 494 495 496 497 505 506 507 508 509 510 511 512 513 514 515 516 517 518 519 520 521 522 523 524 525 526 527 528 529 530 531 532 533 534 535 536 537 538 539 540 541 542 543 544 774 783 786 885 886 887 888 894 895 896 897 918 922 923 924 925 926 927 928 929 930 931 932 933 934 935 936 937 938 939 940 941 942 943 944 945 946 947 948 949 950 951 952 955 956 957 958 959 960 961 962 963 964 965 966 967 968 969 970 971 972 973 974 975 976 977 978 979 980 981 982 983 984 985 986 987 988 989 990 991 992 993 994 995 996 997 998 999 1000 1001 1002 1003 1004 1005 1006 1007 1008 1011 1012 1013 1014 1015 1016 1017 1018 1019 1020 1021 1022 1023 1024 1025 1026 1027 1028 1029 1030 1031 1032 1033 1034 1035
81,3,11135.707000000002,12708.823,23844.530000000002,52 53 54 55 56 57 58 59 60 61 62 63 64 65 66 67 68 69 70 71 72 73 74 76 77 79 80 81 82 83 84 85 86 87 88 89 90 91 92 93 94 95 96 97 98 99 100 101 102 103 104 105 113 114 115 131 132 133 134 135 136 218 219 220 221 222 223 224 225
81,4,0.0,28296.504,28296.504,138 139 140 141 142 143 146 147 148 149 150 151 152 153 164 165 171 172 173 174 175 176 177 178 179 180 181 182 183 184 185 186 187 188 189 190 191 192 193 194 195 196 197 198 199 200 201 202 203 204 205 206 207 208 209 210 211 212 213 214 215 216 217 309 310 311 312 313 314 315 316 317 318 319 320 321 322 323 324 325 326 327 328 329 330 331 332 333 334 335 336 337 338 339 340 341 342 343 344 345 346 347 348 349 350 351 352 353 354 355 356 357 358 359 360 361 362 363 364 365 366 367 368 370 371 372 373 374 376 379 380 381 382 383 391 392 393 394 395 396 397 398 399 401 407 410 411 412 413 863 864 865 866 867 868 869 870 871 873 874 875 876 877 878 879 880 1089 1090 1094 1095 1096 1097 1099 1100 1101 1102 1103 1104 1105
81,5,0.0,12195.570999999996,12195.570999999996,144 145 226 227 228 229 230 231 232 233 234 235 236 237 238 239 240 241 242 243 244 245 246 247 248 249 250 251 252 253 254 255 256 257 258 259 260 261 262 263 264 265 266 267 268 269 270 271 272 273 274 275 276 277 278 279 280 281 282 283 284 285 286 287 288 289 290 291 292 293 294 295 296 297 298 299 300 301 302 303 304 305 306 307 308 384 385 386 387 388 389 390 400 402 403 404 405
81,6,0.0,6403.059,6403.059,1267 1311 1312 1338 1339 1340 1341 1342 1348 1349 1350 1351 1352 1353 1354 1355 1356 1357 1358 1359 1360 1361 1362 1363 1364 1367 1368 1369 1370 1371 1372 1373 1374 1375 1376 1377 1378 1379 1380 1381 1382 1383 1384 1385 1386 1387 1388 1389 1390 1391 1392 1393 1394 1395 1396 1397 1398 1399 1400 1401 1402 1403 1404 1405 1406 1407 1408 1409 1410 1411 1412 1413 1414 1415 1416 1417 1418
81,7,19053.845,10732.828,29786.673000000003,48 51 414 417 1272 1273 1274 1275 1276 1277 1278 1279 1280 1281 1282 1283 1284 1285 1286 1287 1288 1289 1290 1291 1292 1293 1294 1295 1296 1297 1298 1299 1300 1301 1302 1303 1304 1305 1306 1307 1308 1309 1310 1313 1314 1315 1316 1317 1318 1319 1320 1321 1322 1323 1324 1325 1326 1327 1328 1329 1330 1331 1332 1343 1344 1345 1346 1347
81,8,0.0,24765.404000000017,24765.404000000017,369 375 377 378 406 408 409 881 882 883 884 910 911 913 914 915 916 917 919 920 921 1009 1010 1036 1038 1039 1041 1042 1044 1045 1046 1047 1048 1049 1050 1051 1052 1053 1054 1055 1056 1057 1058 1059 1060 1061 1062 1063 1064 1065 1066 1067 1068 1069 1070 1071 1072 1073 1074 1075 1076 1077 1078 1079 1080 1081 1082 1083 1084 1085 1086 1087 1088 1091 1092 1093 1098 1106 1107 1108 1109 1110 1111 1112 1113 1114 1115 1116 1117 1118 1119 1120 1121 1122 1123 1124 1125 1126 1127 1128 1129 1130 1131 1132 1133 1134 1135 1136 1137 1138 1139 1140 1141 1142 1143 1144 1145 1146 1147 1148 1149 1150 1151 1152 1153 1154 1155 1156 1157 1158 1159 1160 1161 1162 1163 1164 1165 1166 1167 1168 1169 1170 1171 1172 1173 1174 1175
81,9,37247.033,17560.306000000004,54807.33900000001,428 447 448 449 450 451 452 453 454 455 456 457 458 459 460 461 462 463 464 465 466 467 468 469 470 471 1037 1040 1043 1176 1177 1178 1179 1180 1181 1182 1183 1184 1185 1186 1187 1188 1189 1190 1191 1192 1193 1194 1195 1196 1197 1198 1199 1200 1201 1202 1203 1204 1205 1206 1207 1208 1209 1210 1211 1212 1213 1214 1215 1216 1217 1218 1219 1220 1221 1222 1223 1224 1225 1226 1227 1228 1229 1230 1231 1232 1233 1234 1235 1236 1237 1238 1239 1240 1241 1242 1243 1244 1245 1246 1247 1248 1249 1250 1251 1252 1253 1254 1255 1256 1257 1258 1259 1260 1261 1262 1263 1264 1265 1266 1268 1269 1270 1271 1333 1334 1335 1336 1337 1365 1366
82,0,0.0,68588.989,68588.989,24 27 106 107 108 109 110 111 112 116 117 118 119 120 121 122 123 124 125 126 127 128 129 130 137 154 155 156 157 158 159 160 161 162 163 166 167 168 169 170 474 475 476 477 478 490 491 492 498 499 500 501 502 503 504 545 546 547 548 549 550 551 552 553 554 555 556 557 558 559 560 561 562 563 564 565 566 567 568 569 570 571 572 573 574 575 576 577 578 579 580 581 582 583 584 585 586 587 588 589 590 591 592 593 594 595 596 597 598 599 600 601 602 603 604 605 606 607 608 609 610 611 612 613 614 615 616 617 618 619 620 621 622 623 624 625 626 627 628 629 630 631 632 633 634 635 636 637 638 639 640 641 642 643 644 645 646 647 648 649 650 651 652 653 654 655 656 657 658 659 660 661 662 663 664 665 666 667 668 669 670 671 672 673 674 675 676 677 678 679 680 681 682 683 684 685 686 687 688 689 690 691 692 693 694 695 696 697 698 699 700 701 702 703 704 705 706 707 708 709 710 711 712 713 714 715 716 717 718 719 720 721 722 723 724 725 726 727 728 729 730 731 732 733 734 735 736 737 738 739 740 741 742 743 744 745 746 747 748 749 750 751 752 753 754 755 756 757 758 759 760 761 762 763 764 765 766 767 768 769 770 771 772 773 775 776 777 778 779 780 781 782 784 785 787 788 789 790 791 792 793 794 795 796 797 798 799 800 801 802 803 804 805 806 807 808 809 810 811 812 813 814 815 816 817 818 819 820 821 822 823 824 825 826 827 828 829 830 831 832 833 834 835 836 837 838 839 840 841 842 843 844 845 846 847 848 849 850 851 852 853 854 855 856 857 858 859 860 861 862 872 889 890 891 892 893 898 899 900 901 902 903 904 905 906 907 908 909 912 953 954
82,1,0.0,9664.557,9664.557,0 1 2 3 4 5 6 7 8 9 10 11 12 13 14 15 16 17 18 19 20 21 22 23 25 26 28 29 30 31 32 33 34 35 36 37 38 39 40 41 42 43 44 45 46 47 49 50 75 78
82,2,41168.75900000001,46626.14600000001,87794.90500000003,415 416 418 419 420 421 422 423 424 425 426 427 429 430 431 432 433 434 435 436 437 438 439 440 441 442 443 444 445 446 472 473 479 480 481 482 483 484 485 486 487 488 489 493 494 495 496 497 505 506 507 508 509 510 511 512 513 514 515 516 517 518 519 520 521 522 523 524 525 526 527 528 529 530 531 532 533 534 535 536 537 538 539 540 541 542 543 544 774 783 786 885 886 887 888 894 895 896 897 918 922 923 924 925 926 927 928 929 930 931 932 933 934 935 936 937 938 939 940 941 942 943 944 945 946 947 948 949 950 951 952 955 956 957 958 959 960 961 962 963 964 965 966 967 968 969 970 971 972 973 974 975 976 977 978 979 980 981 982 983 984 985 986 987 988 989 990 991 992 993 994 995 996 997 998 999 1000 1001 1002 1003 1004 1005 1006 1007 1008 1011 1012 1013 1014 1015 1016 1017 1018 1019 1020 1021 1022 1023 1024 1025 1026 1027 1028 1029 1030 1031 1032 1033 1034 1035
82,3,0.0,11135.707000000002,0.0,52 53 54 55 56 57 58 59 60 61 62 63 64 65 66 67 68 69 70 71 72 73 74 76 77 79 80 81 82 83 84 85 86 87 88 89 90 91 92 93 94 95 96 97 98 99 100 101 102 103 104 105 113 114 115 131 132 133 134 135 136 218 219 220 221 222 223 224 225
82,4,0.0,23410.225000000002,23410.225000000002,138 139 140 141 142 143 146 147 148 149 150 151 152 153 164 165 171 172 173 174 175 176 177 178 179 180 181 182 183 184 185 186 187 188 189 190 191 192 193 194 195 196 197 198 199 200 201 202 203 204 205 206 207 208 209 210 211 212 213 214 215 216 217 309 310 311 312 313 314 315 316 317 318 319 320 321 322 323 324 325 326 327 328 329 330 331 332 333 334 335 336 337 338 339 340 341 342 343 344 345 346 347 348 349 350 351 352 353 354 355 356 357 358 359 360 361 362 363 364 365 366 367 368 370 371 372 373 374 376 379 380 381 382 383 391 392 393 394 395 396 397 398 399 401 407 410 411 412 413 863 864 865 866 867 868 869 870 871 873 874 875 876 877 878 879 880 1089 1090 1094 1095 1096 1097 1099 1100 1101 1102 1103 1104 1105
82,5,9258.525,9470.584000000003,18729.109000000004,144 145 226 227 228 229 230 231 232 233 234 235 236 237 238 239 240 241 242 243 244 245 246 247 248 249 250 251 252 253 254 255 256 257 258 259 260 261 262 263 264 265 266 267 268 269 270 271 272 273 274 275 276 277 278 279 280 281 282 283 284 285 286 287 288 289 290 291 292 293 294 295 296 297 298 299 300 301 302 303 304 305 306 307 308 384 385 386 387 388 389 390 400 402 403 404 405
82,6,33196.506686272565,5670.573,38867.07968627257,1267 1311 1312 1338 1339 1340 1341 1342 1348 1349 1350 1351 1352 1353 1354 1355 1356 1357 1358 1359 1360 1361 1362 1363 1364 1367 1368 1369 1370 1371 1372 1373 1374 1375 1376 1377 1378 1379 1380 1381 1382 1383 1384 1385 1386 1387 1388 1389 1390 1391 1392 1393 1394 1395 1396 1397 1398 1399 1400 1401 1402 1403 1404 1405 1406 1407 1408 1409 1410 1411 1412 1413 1414 1415 1416 1417 1418
82,7,8723.453000000001,10330.392000000002,0.0,48 51 414 417 1272 1273 1274 1275 1276 1277 1278 1279 1280 1281 1282 1283 1284 1285 1286 1287 1288 1289 1290 1291 1292 1293 1294 1295 1296 1297 1298 1299 1300 1301 1302 1303 1304 1305 1306 1307 1308 1309 1310 1313 1314 1315 1316 1317 1318 1319 1320 1321 1322 1323 1324 1325 1326 1327 1328 1329 1330 1331 1332 1343 1344 1345 1346 1347
82,8,0.0,21250.904999999995,21250.904999999995,369 375 377 378 406 408 409 881 882 883 884 910 911 913 914 915 916 917 919 920 921 1009 1010 1036 1038 1039 1041 1042 1044 1045 1046 1047 1048 1049 1050 1051 1052 1053 1054 1055 1056 1057 1058 1059 1060 1061 1062 1063 1064 1065 1066 1067 1068 1069 1070 1071 1072 1073 1074 1075 1076 1077 1078 1079 1080 1081 1082 1083 1084 1085 1086 1087 1088 1091 1092 1093 1098 1106 1107 1108 1109 1110 1111 1112 1113 1114 1115 1116 1117 1118 1119 1120 1121 1122 1123 1124 1125 1126 1127 1128 1129 1130 1131 1132 1133 1134 1135 1136 1137 1138 1139 1140 1141 1142 1143 1144 1145 1146 1147 1148 1149 1150 1151 1152 1153 1154 1155 1156 1157 1158 1159 1160 1161 1162 1163 1164 1165 1166 1167 1168 1169 1170 1171 1172 1173 1174 1175
82,9,22953.793000000005,14293.24,0.0,428 447 448 449 450 451 452 453 454 455 456 457 458 459 460 461 462 463 464 465 466 467 468 469 470 471 1037 1040 1043 1176 1177 1178 1179 1180 1181 1182 1183 1184 1185 1186 1187 1188 1189 1190 1191 1192 1193 1194 1195 1196 1197 1198 1199 1200 1201 1202 1203 1204 1205 1206 1207 1208 1209 1210 1211 1212 1213 1214 1215 1216 1217 1218 1219 1220 1221 1222 1223 1224 1225 1226 1227 1228 1229 1230 1231 1232 1233 1234 1235 1236 1237 1238 1239 1240 1241 1242 1243 1244 1245 1246 1247 1248 1249 1250 1251 1252 1253 1254 1255 1256 1257 1258 1259 1260 1261 1262 1263 1264 1265 1266 1268 1269 1270 1271 1333 1334 1335 1336 1337 1365 1366
83,0,0.0,60102.46100000002,60102.46100000002,24 27 106 107 108 109 110 111 112 116 117 118 119 120 121 122 123 124 125 126 127 128 129 130 137 154 155 156 157 158 159 160 161 162 163 166 167 168 169 170 474 475 476 477 478 490 491 492 498 499 500 501 502 503 504 545 546 547 548 549 550 551 552 553 554 555 556 557 558 559 560 561 562 563 564 565 566 567 568 569 570 571 572 573 574 575 576 577 578 579 580 581 582 583 584 585 586 587 588 589 590 591 592 593 594 595 596 597 598 599 600 601 602 603 604 605 606 607 608 609 610 611 612 613 614 615 616 617 618 619 620 621 622 623 624 625 626 627 628 629 630 631 632 633 634 635 636 637 638 639 640 641 642 643 644 645 646 647 648 649 650 651 652 653 654 655 656 657 658 659 660 661 662 663 664 665 666 667 668 669 670 671 672 673 674 675 676 677 678 679 680 681 682 683 684 685 686 687 688 689 690 691 692 693 694 695 696 697 698 699 700 701 702 703 704 705 706 707 708 709 710 711 712 713 714 715 716 717 718 719 720 721 722 723 724 725 726 727 728 729 730 731 732 733 734 735 736 737 738 739 740 741 742 743 744 745 746 747 748 749 750 751 752 753 754 755 756 757 758 759 760 761 762 763 764 765 766 767 768 769 770 771 772 773 775 776 777 778 779 780 781 782 784 785 787 788 789 790 791 792 793 794 795 796 797 798 799 800 801 802 803 804 805 806 807 808 809 810 811 812 813 814 815 816 817 818 819 820 821 822 823 824 825 826 827 828 829 830 831 832 833 834 835 836 837 838 839 840 841 842 843 844 845 846 847 848 849 850 851 852 853 854 855 856 857 858 859 860 861 862 872 889 890 891 892 893 898 899 900 901 902 903 904 905 906 907 908 909 912 953 954
83,1,47921.366762974234,9205.195999999998,57126.56276297423,0 1 2 3 4 5 6 7 8 9 10 11 12 13 14 15 16 17 18 19 20 21 22 23 25 26 28 29 30 31 32 33 34 35 36 37 38 39 40 41 42 43 44 45 46 47 49 50 75 78
83,2,0.0,41168.75900000001,0.0,415 416 418 419 420 421 422 423 424 425 426 427 429 430 431 432 433 434 435 436 437 438 439 440 441 442 443 444 445 446 472 473 479 480 481 482 483 484 485 486 487 488 489 493 494 495 496 497 505 506 507 508 509 510 511 512 513 514 515 516 517 518 519 520 521 522 523 524 525 526 527 528 529 530 531 532 533 534 535 536 537 538 539 540 541 542 543 544 774 783 786 885 886 887 888 894 895 896 897 918 922 923 924 925 926 927 928 929 930 931 932 933 934 935 936 937 938 939 940 941 942 943 944 945 946 947 948 949 950 951 952 955 956 957 958 959 960 961 962 963 964 965 966 967 968 969 970 971 972 973 974 975 976 977 978 979 980 981 982 983 984 985 986 987 988 989 990 991 992 993 994 995 996 997 998 999 1000 1001 1002 1003 1004 1005 1006 1007 1008 1011 1012 1013 1014 1015 1016 1017 1018 1019 1020 1021 1022 1023 1024 1025 1026 1027 1028 1029 1030 1031 1032 1033 1034 1035
83,3,51614.094449689204,10144.463000000003,61758.55744968921,52 53 54 55 56 57 58 59 60 61 62 63 64 65 66 67 68 69 70 71 72 73 74 76 77 79 80 81 82 83 84 85 86 87 88 89 90 91 92 93 94 95 96 97 98 99 100 101 102 103 104 105 113 114 115 131 132 133 134 135 136 218 219 220 221 222 223 224 225
83,4,47623.986,21134.751,68758.737,138 139 140 141 142 143 146 147 148 149 150 151 152 153 164 165 171 172 173 174 175 176 177 178 179 180 181 182 183 184 185 186 187 188 189 190 191 192 193 194 195 196 197 198 199 200 201 202 203 204 205 206 207 208 209 210 211 212 213 214 215 216 217 309 310 311 312 313 314 315 316 317 318 319 320 321 322 323 324 325 326 327 328 329 330 331 332 333 334 335 336 337 338 339 340 341 342 343 344 345 346 347 348 349 350 351 352 353 354 355 356 357 358 359 360 361 362 363 364 365 366 367 368 370 371 372 373 374 376 379 380 381 382 383 391 392 393 394 395 396 397 398 399 401 407 410 411 412 413 863 864 865 866 867 868 869 870 871 873 874 875 876 877 878 879 880 1089 1090 1094 1095 1096 1097 1099 1100 1101 1102 1103 1104 1105
83,5,0.0,9258.525,0.0,144 145 226 227 228 229 230 231 232 233 234 235 236 237 238 239 240 241 242 243 244 245 246 247 248 249 250 251 252 253 254 255 256 257 258 259 260 261 262 263 264 265 266 267 268 269 270 271 272 273 274 275 276 277 278 279 280 281 282 283 284 285 286 287 288 289 290 291 292 293 294 295 296 297 298 299 300 301 302 303 304 305 306 307 308 384 385 386 387 388 389 390 400 402 403 404 405
83,6,27739.124686272564,5457.382,0.0,1267 1311 1312 1338 1339 1340 1341 1342 1348 1349 1350 1351 1352 1353 1354 1355 1356 1357 1358 1359 1360 1361 1362 1363 1364 1367 1368 1369 1370 1371 1372 1373 1374 1375 1376 1377 1378 1379 1380 1381 1382 1383 1384 1385 1386 1387 1388 1389 1390 1391 1392 1393 1394 1395 1396 1397 1398 1399 1400 1401 1402 1403 1404 1405 1406 1407 1408 1409 1410 1411 1412 1413 1414 1415 1416 1417 1418
83,7,0.0,8723.453000000001,0.0,48 51 414 417 1272 1273 1274 1275 1276 1277 1278 1279 1280 1281 1282 1283 1284 1285 1286 1287 1288 1289 1290 1291 1292 1293 1294 1295 1296 1297 1298 1299 1300 1301 1302 1303 1304 1305 1306 1307 1308 1309 1310 1313 1314 1315 1316 1317 1318 1319 1320 1321 1322 1323 1324 1325 1326 1327 1328 1329 1330 1331 1332 1343 1344 1345 1346 1347
83,8,42505.07099999999,19007.323000000008,61512.394,369 375 377 378 406 408 409 881 882 883 884 910 911 913 914 915 916 917 919 920 921 1009 1010 1036 1038 1039 1041 1042 1044 1045 1046 1047 1048 1049 1050 1051 1052 1053 1054 1055 1056 1057 1058 1059 1060 1061 1062 1063 1064 1065 1066 1067 1068 1069 1070 1071 1072 1073 1074 1075 1076 1077 1078 1079 1080 1081 1082 1083 1084 1085 1086 1087 1088 1091 1092 1093 1098 1106 1107 1108 1109 1110 1111 1112 1113 1114 1115 1116 1117 1118 1119 1120 1121 1122 1123 1124 1125 1126 1127 1128 1129 1130 1131 1132 1133 1134 1135 1136 1137 1138 1139 1140 1141 1142 1143 1144 1145 1146 1147 1148 1149 1150 1151 1152 1153 1154 1155 1156 1157 1158 1159 1160 1161 1162 1163 1164 1165 1166 1167 1168 1169 1170 1171 1172 1173 1174 1175
83,9,11719.53,11234.263000000004,0.0,428 447 448 449 450 451 452 453 454 455 456 457 458 459 460 461 462 463 464 465 466 467 468 469 470 471 1037 1040 1043 1176 1177 1178 1179 1180 1181 1182 1183 1184 1185 1186 1187 1188 1189 1190 1191 1192 1193 1194 1195 1196 1197 1198 1199 1200 1201 1202 1203 1204 1205 1206 1207 1208 1209 1210 1211 1212 1213 1214 1215 1216 1217 1218 1219 1220 1221 1222 1223 1224 1225 1226 1227 1228 1229 1230 1231 1232 1233 1234 1235 1236 1237 1238 1239 1240 1241 1242 1243 1244 1245 1246 1247 1248 1249 1250 1251 1252 1253 1254 1255 1256 1257 1258 1259 1260 1261 1262 1263 1264 1265 1266 1268 1269 1270 1271 1333 1334 1335 1336 1337 1365 1366
84,0,45634.02500000003,51830.036000000044,97464.06100000007,24 27 106 107 108 109 110 111 112 116 117 118 119 120 121 122 123 124 125 126 127 128 129 130 137 154 155 156 157 158 159 160 161 162 163 166 167 168 169 170 474 475 476 477 478 490 491 492 498 499 500 501 502 503 504 545 546 547 548 549 550 551 552 553 554 555 556 557 558 559 560 561 562 563 564 565 566 567 568 569 570 571 572 573 574 575 576 577 578 579 580 581 582 583 584 585 586 587 588 589 590 591 592 593 594 595 596 597 598 599 600 601 602 603 604 605 606 607 608 609 610 611 612 613 614 615 616 617 618 619 620 621 622 623 624 625 626 627 628 629 630 631 632 633 634 635 636 637 638 639 640 641 642 643 644 645 646 647 648 649 650 651 652 653 654 655 656 657 658 659 660 661 662 663 664 665 666 667 668 669 670 671 672 673 674 675 676 677 678 679 680 681 682 683 684 685 686 687 688 689 690 691 692 693 694 695 696 697 698 699 700 701 702 703 704 705 706 707 708 709 710 711 712 713 714 715 716 717 718 719 720 721 722 723 724 725 726 727 728 729 730 731 732 733 734 735 736 737 738 739 740 741 742 743 744 745 746 747 748 749 750 751 752 753 754 755 756 757 758 759 760 761 762 763 764 765 766 767 768 769 770 771 772 773 775 776 777 778 779 780 781 782 784 785 787 788 789 790 791 792 793 794 795 796 797 798 799 800 801 802 803 804 805 806 807 808 809 810 811 812 813 814 815 816 817 818 819 820 821 822 823 824 825 826 827 828 829 830 831 832 833 834 835 836 837 838 839 840 841 842 843 844 845 846 847 848 849 850 851 852 853 854 855 856 857 858 859 860 861 862 872 889 890 891 892 893 898 899 900 901 902 903 904 905 906 907 908 909 912 953 954
84,1,39508.472762974234,8412.894,0.0,0 1 2 3 4 5 6 7 8 9 10 11 12 13 14 15 16 17 18 19 20 21 22 23 25 26 28 29 30 31 32 33 34 35 36 37 38 39 40 41 42 43 44 45 46 47 49 50 75 78
84,2,28537.994000000013,34186.358,62724.35200000001,415 416 418 419 420 421 422 423 424 425 426 427 429 430 431 432 433 434 435 436 437 438 439 440 441 442 443 444 445 446 472 473 479 480 481 482 483 484 485 486 487 488 489 493 494 495 496 497 505 506 507 508 509 510 511 512 513 514 515 516 517 518 519 520 521 522 523 524 525 526 527 528 529 530 531 532 533 534 535 536 537 538 539 540 541 542 543 544 774 783 786 885 886 887 888 894 895 896 897 918 922 923 924 925 926 927 928 929 930 931 932 933 934 935 936 937 938 939 940 941 942 943 944 945 946 947 948 949 950 951 952 955 956 957 958 959 960 961 962 963 964 965 966 967 968 969 970 971 972 973 974 975 976 977 978 979 980 981 982 983 984 985 986 987 988 989 990 991 992 993 994 995 996 997 998 999 1000 1001 1002 1003 1004 1005 1006 1007 1008 1011 1012 1013 1014 1015 1016 1017 1018 1019 1020 1021 1022 1023 1024 1025 1026 1027 1028 1029 1030 1031 1032 1033 1034 1035
84,3,42872.1774496892,8741.916999999998,0.0,52 53 54 55 56 57 58 59 60 61 62 63 64 65 66 67 68 69 70 71 72 73 74 76 77 79 80 81 82 83 84 85 86 87 88 89 90 91 92 93 94 95 96 97 98 99 100 101 102 103 104 105 113 114 115 131 132 133 134 135 136 218 219 220 221 222 223 224 225
84,4,29823.349000000002,17800.636999999995,0.0,138 139 140 141 142 143 146 147 148 149 150 151 152 153 164 165 171 172 173 174 175 176 177 178 179 180 181 182 183 184 185 186 187 188 189 190 191 192 193 194 195 196 197 198 199 200 201 202 203 204 205 206 207 208 209 210 211 212 213 214 215 216 217 309 310 311 312 313 314 315 316 317 318 319 320 321 322 323 324 325 326 327 328 329 330 331 332 333 334 335 336 337 338 339 340 341 342 343 344 345 346 347 348 349 350 351 352 353 354 355 356 357 358 359 360 361 362 363 364 365 366 367 368 370 371 372 373 374 376 379 380 381 382 383 391 392 393 394 395 396 397 398 399 401 407 410 411 412 413 863 864 865 866 867 868 869 870 871 873 874 875 876 877 878 879 880 1089 1090 1094 1095 1096 1097 1099 1100 1101 1102 1103 1104 1105
84,5,49045.776117697096,9231.528000000002,58277.3041176971,144 145 226 227 228 229 230 231 232 233 234 235 236 237 238 239 240 241 242 243 244 245 246 247 248 249 250 251 252 253 254 255 256 257 258 259 260 261 262 263 264 265 266 267 268 269 270 271 272 273 274 275 276 277 278 279 280 281 282 283 284 285 286 287 288 289 290 291 292 293 294 295 296 297 298 299 300 301 302 303 304 305 306 307 308 384 385 386 387 388 389 390 400 402 403 404 405
84,6,23294.657686272563,4444.4670000000015,0.0,1267 1311 1312 1338 1339 1340 1341 1342 1348 1349 1350 1351 1352 1353 1354 1355 1356 1357 1358 1359 1360 1361 1362 1363 1364 1367 1368 1369 1370 1371 1372 1373 1374 1375 1376 1377 1378 1379 1380 1381 1382 1383 1384 1385 1386 1387 1388 1389 1390 1391 1392 1393 1394 1395 1396 1397 1398 1399 1400 1401 1402 1403 1404 1405 1406 1407 1408 1409 1410 1411 1412 1413 1414 1415 1416 1417 1418
84,7,48844.879675908676,8067.0289999999995,56911.90867590868,48 51 414 417 1272 1273 1274 1275 1276 1277 1278 1279 1280 1281 1282 1283 1284 1285 1286 1287 1288 1289 1290 1291 1292 1293 1294 1295 1296 1297 1298 1299 1300 1301 1302 1303 1304 1305 1306 1307 1308 1309 1310 1313 1314 1315 1316 1317 1318 1319 1320 1321 1322 1323 1324 1325 1326 1327 1328 1329 1330 1331 1332 1343 1344 1345 1346 1347
84,8,26586.332999999995,15918.737999999996,0.0,369 375 377 378 406 408 409 881 882 883 884 910 911 913 914 915 916 917 919 920 921 1009 1010 1036 1038 1039 1041 1042 1044 1045 1046 1047 1048 1049 1050 1051 1052 1053 1054 1055 1056 1057 1058 1059 1060 1061 1062 1063 1064 1065 1066 1067 1068 1069 1070 1071 1072 1073 1074 1075 1076 1077 1078 1079 1080 1081 1082 1083 1084 1085 1086 1087 1088 1091 1092 1093 1098 1106 1107 1108 1109 1110 1111 1112 1113 1114 1115 1116 1117 1118 1119 1120 1121 1122 1123 1124 1125 1126 1127 1128 1129 1130 1131 1132 1133 1134 1135 1136 1137 1138 1139 1140 1141 1142 1143 1144 1145 1146 1147 1148 1149 1150 1151 1152 1153 1154 1155 1156 1157 1158 1159 1160 1161 1162 1163 1164 1165 1166 1167 1168 1169 1170 1171 1172 1173 1174 1175
84,9,0.0,11719.53,0.0,428 447 448 449 450 451 452 453 454 455 456 457 458 459 460 461 462 463 464 465 466 467 468 469 470 471 1037 1040 1043 1176 1177 1178 1179 1180 1181 1182 1183 1184 1185 1186 1187 1188 1189 1190 1191 1192 1193 1194 1195 1196 1197 1198 1199 1200 1201 1202 1203 1204 1205 1206 1207 1208 1209 1210 1211 1212 1213 1214 1215 1216 1217 1218 1219 1220 1221 1222 1223 1224 1225 1226 1227 1228 1229 1230 1231 1232 1233 1234 1235 1236 1237 1238 1239 1240 1241 1242 1243 1244 1245 1246 1247 1248 1249 1250 1251 1252 1253 1254 1255 1256 1257 1258 1259 1260 1261 1262 1263 1264 1265 1266 1268 1269 1270 1271 1333 1334 1335 1336 1337 1365 1366
85,0,0.0,45634.02500000003,0.0,24 27 106 107 108 109 110 111 112 116 117 118 119 120 121 122 123 124 125 126 127 128 129 130 137 154 155 156 157 158 159 160 161 162 163 166 167 168 169 170 474 475 476 477 478 490 491 492 498 499 500 501 502 503 504 545 546 547 548 549 550 551 552 553 554 555 556 557 558 559 560 561 562 563 564 565 566 567 568 569 570 571 572 573 574 575 576 577 578 579 580 581 582 583 584 585 586 587 588 589 590 591 592 593 594 595 596 597 598 599 600 601 602 603 604 605 606 607 608 609 610 611 612 613 614 615 616 617 618 619 620 621 622 623 624 625 626 627 628 629 630 631 632 633 634 635 636 637 638 639 640 641 642 643 644 645 646 647 648 649 650 651 652 653 654 655 656 657 658 659 660 661 662 663 664 665 666 667 668 669 670 671 672 673 674 675 676 677 678 679 680 681 682 683 684 685 686 687 688 689 690 691 692 693 694 695 696 697 698 699 700 701 702 703 704 705 706 707 708 709 710 711 712 713 714 715 716 717 718 719 720 721 722 723 724 725 726 727 728 729 730 731 732 733 734 735 736 737 738 739 740 741 742 743 744 745 746 747 748 749 750 751 752 753 754 755 756 757 758 759 760 761 762 763 764 765 766 767 768 769 770 771 772 773 775 776 777 778 779 780 781 782 784 785 787 788 789 790 791 792 793 794 795 796 797 798 799 800 801 802 803 804 805 806 807 808 809 810 811 812 813 814 815 816 817 818 819 820 821 822 823 824 825 826 827 828 829 830 831 832 833 834 835 836 837 838 839 840 841 842 843 844 845 846 847 848 849 850 851 852 853 854 855 856 857 858 859 860 861 862 872 889 890 891 892 893 898 899 900 901 902 903 904 905 906 907 908 909 912 953 954
85,1,32395.16876297423,7113.304000000002,0.0,0 1 2 3 4 5 6 7 8 9 10 11 12 13 14 15 16 17 18 19 20 21 22 23 25 26 28 29 30 31 32 33 34 35 36 37 38 39 40 41 42 43 44 45 46 47 49 50 75 78
85,2,0.0,28537.994000000013,0.0,415 416 418 419 420 421 422 423 424 425 426 427 429 430 431 432 433 434 435 436 437 438 439 440 441 442 443 444 445 446 472 473 479 480 481 482 483 484 485 486 487 488 489 493 494 495 496 497 505 506 507 508 509 510 511 512 513 514 515 516 517 518 519 520 521 522 523 524 525 526 527 528 529 530 531 532 533 534 535 536 537 538 539 540 541 542 543 544 774 783 786 885 886 887 888 894 895 896 897 918 922 923 924 925 926 927 928 929 930 931 932 933 934 935 936 937 938 939 940 941 942 943 944 945 946 947 948 949 950 951 952 955 956 957 958 959 960 961 962 963 964 965 966 967 968 969 970 971 972 973 974 975 976 977 978 979 980 981 982 983 984 985 986 987 988 989 990 991 992 993 994 995 996 997 998 999 1000 1001 1002 1003 1004 1005 1006 1007 1008 1011 1012 1013 1014 1015 1016 1017 1018 1019 1020 1021 1022 1023 1024 1025 1026 1027 1028 1029 1030 1031 1032 1033 1034 1035
85,3,34577.66344968921,8294.514,0.0,52 53 54 55 56 57 58 59 60 61 62 63 64 65 66 67 68 69 70 71 72 73 74 76 77 79 80 81 82 83 84 85 86 87 88 89 90 91 92 93 94 95 96 97 98 99 100 101 102 103 104 105 113 114 115 131 132 133 134 135 136 218 219 220 221 222 223 224 225
85,4,13431.963000000002,16391.386,0.0,138 139 140 141 142 143 146 147 148 149 150 151 152 153 164 165 171 172 173 174 175 176 177 178 179 180 181 182 183 184 185 186 187 188 189 190 191 192 193 194 195 196 197 198 199 200 201 202 203 204 205 206 207 208 209 210 211 212 213 214 215 216 217 309 310 311 312 313 314 315 316 317 318 319 320 321 322 323 324 325 326 327 328 329 330 331 332 333 334 335 336 337 338 339 340 341 342 343 344 345 346 347 348 349 350 351 352 353 354 355 356 357 358 359 360 361 362 363 364 365 366 367 368 370 371 372 373 374 376 379 380 381 382 383 391 392 393 394 395 396 397 398 399 401 407 410 411 412 413 863 864 865 866 867 868 869 870 871 873 874 875 876 877 878 879 880 1089 1090 1094 1095 1096 1097 1099 1100 1101 1102 1103 1104 1105
85,5,40736.7541176971,8309.022,0.0,144 145 226 227 228 229 230 231 232 233 234 235 236 237 238 239 240 241 242 243 244 245 246 247 248 249 250 251 252 253 254 255 256 257 258 259 260 261 262 263 264 265 266 267 268 269 270 271 272 273 274 275 276 277 278 279 280 281 282 283 284 285 286 287 288 289 290 291 292 293 294 295 296 297 298 299 300 301 302 303 304 305 306 307 308 384 385 386 387 388 389 390 400 402 403 404 405
85,6,18971.819686272567,4322.837999999998,0.0,1267 1311 1312 1338 1339 1340 1341 1342 1348 1349 1350 1351 1352 1353 1354 1355 1356 1357 1358 1359 1360 1361 1362 1363 1364 1367 1368 1369 1370 1371 1372 1373 1374 1375 1376 1377 1378 1379 1380 1381 1382 1383 1384 1385 1386 1387 1388 1389 1390 1391 1392 1393 1394 1395 1396 1397 1398 1399 1400 1401 1402 1403 1404 1405 1406 1407 1408 1409 1410 1411 1412 1413 1414 1415 1416 1417 1418
85,7,41761.182675908676,7083.696999999997,0.0,48 51 414 417 1272 1273 1274 1275 1276 1277 1278 1279 1280 1281 1282 1283 1284 1285 1286 1287 1288 1289 1290 1291 1292 1293 1294 1295 1296 1297 1298 1299 1300 1301 1302 1303 1304 1305 1306 1307 1308 1309 1310 1313 1314 1315 1316 1317 1318 1319 1320 1321 1322 1323 1324 1325 1326 1327 1328 1329 1330 1331 1332 1343 1344 1345 1346 1347
85,8,12607.781999999992,13978.551000000003,0.0,369 375 377 378 406 408 409 881 882 883 884 910 911 913 914 915 916 917 919 920 921 1009 1010 1036 1038 1039 1041 1042 1044 1045 1046 1047 1048 1049 1050 1051 1052 1053 1054 1055 1056 1057 1058 1059 1060 1061 1062 1063 1064 1065 1066 1067 1068 1069 1070 1071 1072 1073 1074 1075 1076 1077 1078 1079 1080 1081 1082 1083 1084 1085 1086 1087 1088 1091 1092 1093 1098 1106 1107 1108 1109 1110 1111 1112 1113 1114 1115 1116 1117 1118 1119 1120 1121 1122 1123 1124 1125 1126 1127 1128 1129 1130 1131 1132 1133 1134 1135 1136 1137 1138 1139 1140 1141 1142 1143 1144 1145 1146 1147 1148 1149 1150 1151 1152 1153 1154 1155 1156 1157 1158 1159 1160 1161 1162 1163 1164 1165 1166 1167 1168 1169 1170 1171 1172 1173 1174 1175
85,9,48529.48053151601,10440.381999999998,58969.86253151601,428 447 448 449 450 451 452 453 454 455 456 457 458 459 460 461 462 463 464 465 466 467 468 469 470 471 1037 1040 1043 1176 1177 1178 1179 1180 1181 1182 1183 1184 1185 1186 1187 1188 1189 1190 1191 1192 1193 1194 1195 1196 1197 1198 1199 1200 1201 1202 1203 1204 1205 1206 1207 1208 1209 1210 1211 1212 1213 1214 1215 1216 1217 1218 1219 1220 1221 1222 1223 1224 1225 1226 1227 1228 1229 1230 1231 1232 1233 1234 1235 1236 1237 1238 1239 1240 1241 1242 1243 1244 1245 1246 1247 1248 1249 1250 1251 1252 1253 1254 1255 1256 1257 1258 1259 1260 1261 1262 1263 1264 1265 1266 1268 1269 1270 1271 1333 1334 1335 1336 1337 1365 1366
86,0,38108.719,40069.40400000002,78178.12300000002,24 27 106 107 108 109 110 111 112 116 117 118 119 120 121 122 123 124 125 126 127 128 129 130 137 154 155 156 157 158 159 160 161 162 163 166 167 168 169 170 474 475 476 477 478 490 491 492 498 499 500 501 502 503 504 545 546 547 548 549 550 551 552 553 554 555 556 557 558 559 560 561 562 563 564 565 566 567 568 569 570 571 572 573 574 575 576 577 578 579 580 581 582 583 584 585 586 587 588 589 590 591 592 593 594 595 596 597 598 599 600 601 602 603 604 605 606 607 608 609 610 611 612 613 614 615 616 617 618 619 620 621 622 623 624 625 626 627 628 629 630 631 632 633 634 635 636 637 638 639 640 641 642 643 644 645 646 647 648 649 650 651 652 653 654 655 656 657 658 659 660 661 662 663 664 665 666 667 668 669 670 671 672 673 674 675 676 677 678 679 680 681 682 683 684 685 686 687 688 689 690 691 692 693 694 695 696 697 698 699 700 701 702 703 704 705 706 707 708 709 710 711 712 713 714 715 716 717 718 719 720 721 722 723 724 725 726 727 728 729 730 731 732 733 734 735 736 737 738 739 740 741 742 743 744 745 746 747 748 749 750 751 752 753 754 755 756 757 758 759 760 761 762 763 764 765 766 767 768 769 770 771 772 773 775 776 777 778 779 780 781 782 784 785 787 788 789 790 791 792 793 794 795 796 797 798 799 800 801 802 803 804 805 806 807 808 809 810 811 812 813 814 815 816 817 818 819 820 821 822 823 824 825 826 827 828 829 830 831 832 833 834 835 836 837 838 839 840 841 842 843 844 845 846 847 848 849 850 851 852 853 854 855 856 857 858 859 860 861 862 872 889 890 891 892 893 898 899 900 901 902 903 904 905 906 907 908 909 912 953 954
86,1,26571.43976297423,5823.7289999999975,0.0,0 1 2 3 4 5 6 7 8 9 10 11 12 13 14 15 16 17 18 19 20 21 22 23 25 26 28 29 30 31 32 33 34 35 36 37 38 39 40 41 42 43 44 45 46 47 49 50 75 78
86,2,43440.344,26355.429999999982,69795.77399999998,415 416 418 419 420 421 422 423 424 425 426 427 429 430 431 432 433 434 435 436 437 438 439 440 441 442 443 444 445 446 472 473 479 480 481 482 483 484 485 486 487 488 489 493 494 495 496 497 505 506 507 508 509 510 511 512 513 514 515 516 517 518 519 520 521 522 523 524 525 526 527 528 529 530 531 532 533 534 535 536 537 538 539 540 541 542 543 544 774 783 786 885 886 887 888 894 895 896 897 918 922 923 924 925 926 927 928 929 930 931 932 933 934 935 936 937 938 939 940 941 942 943 944 945 946 947 948 949 950 951 952 955 956 957 958 959 960 961 962 963 964 965 966 967 968 969 970 971 972 973 974 975 976 977 978 979 980 981 982 983 984 985 986 987 988 989 990 991 992 993 994 995 996 997 998 999 1000 1001 1002 1003 1004 1005 1006 1007 1008 1011 1012 1013 1014 1015 1016 1017 1018 1019 1020 1021 1022 1023 1024 1025 1026 1027 1028 1029 1030 1031 1032 1033 1034 1035
86,3,27464.742449689213,7112.9209999999985,0.0,52 53 54 55 56 57 58 59 60 61 62 63 64 65 66 67 68 69 70 71 72 73 74 76 77 79 80 81 82 83 84 85 86 87 88 89 90 91 92 93 94 95 96 97 98 99 100 101 102 103 104 105 113 114 115 131 132 133 134 135 136 218 219 220 221 222 223 224 225
86,4,0.0,13431.963000000002,0.0,138 139 140 141 142 143 146 147 148 149 150 151 152 153 164 165 171 172 173 174 175 176 177 178 179 180 181 182 183 184 185 186 187 188 189 190 191 192 193 194 195 196 197 198 199 200 201 202 203 204 205 206 207 208 209 210 211 212 213 214 215 216 217 309 310 311 312 313 314 315 316 317 318 319 320 321 322 323 324 325 326 327 328 329 330 331 332 333 334 335 336 337 338 339 340 341 342 343 344 345 346 347 348 349 350 351 352 353 354 355 356 357 358 359 360 361 362 363 364 365 366 367 368 370 371 372 373 374 376 379 380 381 382 383 391 392 393 394 395 396 397 398 399 401 407 410 411 412 413 863 864 865 866 867 868 869 870 871 873 874 875 876 877 878 879 880 1089 1090 1094 1095 1096 1097 1099 1100 1101 1102 1103 1104 1105
86,5,32711.820117697098,8024.934000000003,0.0,144 145 226 227 228 229 230 231 232 233 234 235 236 237 238 239 240 241 242 243 244 245 246 247 248 249 250 251 252 253 254 255 256 257 258 259 260 261 262 263 264 265 266 267 268 269 270 271 272 273 274 275 276 277 278 279 280 281 282 283 284 285 286 287 288 289 290 291 292 293 294 295 296 297 298 299 300 301 302 303 304 305 306 307 308 384 385 386 387 388 389 390 400 402 403 404 405
86,6,15087.051686272565,3884.7680000000005,0.0,1267 1311 1312 1338 1339 1340 1341 1342 1348 1349 1350 1351 1352 1353 1354 1355 1356 1357 1358 1359 1360 1361 1362 1363 1364 1367 1368 1369 1370 1371 1372 1373 1374 1375 1376 1377 1378 1379 1380 1381 1382 1383 1384 1385 1386 1387 1388 1389 1390 1391 1392 1393 1394 1395 1396 1397 1398 1399 1400 1401 1402 1403 1404 1405 1406 1407 1408 1409 1410 1411 1412 1413 1414 1415 1416 1417 1418
86,7,34534.11667590868,7227.065999999999,0.0,48 51 414 417 1272 1273 1274 1275 1276 1277 1278 1279 1280 1281 1282 1283 1284 1285 1286 1287 1288 1289 1290 1291 1292 1293 1294 1295 1296 1297 1298 1299 1300 1301 1302 1303 1304 1305 1306 1307 1308 1309 1310 1313 1314 1315 1316 1317 1318 1319 1320 1321 1322 1323 1324 1325 1326 1327 1328 1329 1330 1331 1332 1343 1344 1345 1346 1347
86,8,0.0,12607.781999999992,0.0,369 375 377 378 406 408 409 881 882 883 884 910 911 913 914 915 916 917 919 920 921 1009 1010 1036 1038 1039 1041 1042 1044 1045 1046 1047 1048 1049 1050 1051 1052 1053 1054 1055 1056 1057 1058 1059 1060 1061 1062 1063 1064 1065 1066 1067 1068 1069 1070 1071 1072 1073 1074 1075 1076 1077 1078 1079 1080 1081 1082 1083 1084 1085 1086 1087 1088 1091 1092 1093 1098 1106 1107 1108 1109 1110 1111 1112 1113 1114 1115 1116 1117 1118 1119 1120 1121 1122 1123 1124 1125 1126 1127 1128 1129 1130 1131 1132 1133 1134 1135 1136 1137 1138 1139 1140 1141 1142 1143 1144 1145 1146 1147 1148 1149 1150 1151 1152 1153 1154 1155 1156 1157 1158 1159 1160 1161 1162 1163 1164 1165 1166 1167 1168 1169 1170 1171 1172 1173 1174 1175
86,9,38370.84553151601,10158.635000000002,0.0,428 447 448 449 450 451 452 453 454 455 456 457 458 459 460 461 462 463 464 465 466 467 468 469 470 471 1037 1040 1043 1176 1177 1178 1179 1180 1181 1182 1183 1184 1185 1186 1187 1188 1189 1190 1191 1192 1193 1194 1195 1196 1197 1198 1199 1200 1201 1202 1203 1204 1205 1206 1207 1208 1209 1210 1211 1212 1213 1214 1215 1216 1217 1218 1219 1220 1221 1222 1223 1224 1225 1226 1227 1228 1229 1230 1231 1232 1233 1234 1235 1236 1237 1238 1239 1240 1241 1242 1243 1244 1245 1246 1247 1248 1249 1250 1251 1252 1253 1254 1255 1256 1257 1258 1259 1260 1261 1262 1263 1264 1265 1266 1268 1269 1270 1271 1333 1334 1335 1336 1337 1365 1366
87,0,0.0,38108.719,0.0,24 27 106 107 108 109 110 111 112 116 117 118 119 120 121 122 123 124 125 126 127 128 129 130 137 154 155 156 157 158 159 160 161 162 163 166 167 168 169 170 474 475 476 477 478 490 491 492 498 499 500 501 502 503 504 545 546 547 548 549 550 551 552 553 554 555 556 557 558 559 560 561 562 563 564 565 566 567 568 569 570 571 572 573 574 575 576 577 578 579 580 581 582 583 584 585 586 587 588 589 590 591 592 593 594 595 596 597 598 599 600 601 602 603 604 605 606 607 608 609 610 611 612 613 614 615 616 617 618 619 620 621 622 623 624 625 626 627 628 629 630 631 632 633 634 635 636 637 638 639 640 641 642 643 644 645 646 647 648 649 650 651 652 653 654 655 656 657 658 659 660 661 662 663 664 665 666 667 668 669 670 671 672 673 674 675 676 677 678 679 680 681 682 683 684 685 686 687 688 689 690 691 692 693 694 695 696 697 698 699 700 701 702 703 704 705 706 707 708 709 710 711 712 713 714 715 716 717 718 719 720 721 722 723 724 725 726 727 728 729 730 731 732 733 734 735 736 737 738 739 740 741 742 743 744 745 746 747 748 749 750 751 752 753 754 755 756 757 758 759 760 761 762 763 764 765 766 767 768 769 770 771 772 773 775 776 777 778 779 780 781 782 784 785 787 788 789 790 791 792 793 794 795 796 797 798 799 800 801 802 803 804 805 806 807 808 809 810 811 812 813 814 815 816 817 818 819 820 821 822 823 824 825 826 827 828 829 830 831 832 833 834 835 836 837 838 839 840 841 842 843 844 845 846 847 848 849 850 851 852 853 854 855 856 857 858 859 860 861 862 872 889 890 891 892 893 898 899 900 901 902 903 904 905 906 907 908 909 912 953 954
87,1,20781.20876297423,5790.231,0.0,0 1 2 3 4 5 6 7 8 9 10 11 12 13 14 15 16 17 18 19 20 21 22 23 25 26 28 29 30 31 32 33 34 35 36 37 38 39 40 41 42 43 44 45 46 47 49 50 75 78
87,2,20761.235999999997,22679.108,0.0,415 416 418 419 420 421 422 423 424 425 426 427 429 430 431 432 433 434 435 436 437 438 439 440 441 442 443 444 445 446 472 473 479 480 481 482 483 484 485 486 487 488 489 493 494 495 496 497 505 506 507 508 509 510 511 512 513 514 515 516 517 518 519 520 521 522 523 524 525 526 527 528 529 530 531 532 533 534 535 536 537 538 539 540 541 542 543 544 774 783 786 885 886 887 888 894 895 896 897 918 922 923 924 925 926 927 928 929 930 931 932 933 934 935 936 937 938 939 940 941 942 943 944 945 946 947 948 949 950 951 952 955 956 957 958 959 960 961 962 963 964 965 966 967 968 969 970 971 972 973 974 975 976 977 978 979 980 981 982 983 984 985 986 987 988 989 990 991 992 993 994 995 996 997 998 999 1000 1001 1002 1003 1004 1005 1006 1007 1008 1011 1012 1013 1014 1015 1016 1017 1018 1019 1020 1021 1022 1023 1024 1025 1026 1027 1028 1029 1030 1031 1032 1033 1034 1035
87,3,20833.372449689214,6631.37,0.0,52 53 54 55 56 57 58 59 60 61 62 63 64 65 66 67 68 69 70 71 72 73 74 76 77 79 80 81 82 83 84 85 86 87 88 89 90 91 92 93 94 95 96 97 98 99 100 101 102 103 104 105 113 114 115 131 132 133 134 135 136 218 219 220 221 222 223 224 225
87,4,54409.448773134805,12761.337,67170.7857731348,138 139 140 141 142 143 146 147 148 149 150 151 152 153 164 165 171 172 173 174 175 176 177 178 179 180 181 182 183 184 185 186 187 188 189 190 191 192 193 194 195 196 197 198 199 200 201 202 203 204 205 206 207 208 209 210 211 212 213 214 215 216 217 309 310 311 312 313 314 315 316 317 318 319 320 321 322 323 324 325 326 327 328 329 330 331 332 333 334 335 336 337 338 339 340 341 342 343 344 345 346 347 348 349 350 351 352 353 354 355 356 357 358 359 360 361 362 363 364 365 366 367 368 370 371 372 373 374 376 379 380 381 382 383 391 392 393 394 395 396 397 398 399 401 407 410 411 412 413 863 864 865 866 867 868 869 870 871 873 874 875 876 877 878 879 880 1089 1090 1094 1095 1096 1097 1099 1100 1101 1102 1103 1104 1105
87,5,25151.2331176971,7560.5869999999995,0.0,144 145 226 227 228 229 230 231 232 233 234 235 236 237 238 239 240 241 242 243 244 245 246 247 248 249 250 251 252 253 254 255 256 257 258 259 260 261 262 263 264 265 266 267 268 269 270 271 272 273 274 275 276 277 278 279 280 281 282 283 284 285 286 287 288 289 290 291 292 293 294 295 296 297 298 299 300 301 302 303 304 305 306 307 308 384 385 386 387 388 389 390 400 402 403 404 405
87,6,11657.543686272566,3429.508,0.0,1267 1311 1312 1338 1339 1340 1341 1342 1348 1349 1350 1351 1352 1353 1354 1355 1356 1357 1358 1359 1360 1361 1362 1363 1364 1367 1368 1369 1370 1371 1372 1373 1374 1375 1376 1377 1378 1379 1380 1381 1382 1383 1384 1385 1386 1387 1388 1389 1390 1391 1392 1393 1394 1395 1396 1397 1398 1399 1400 1401 1402 1403 1404 1405 1406 1407 1408 1409 1410 1411 1412 1413 1414 1415 1416 1417 1418
87,7,26647.167675908673,7886.9490000000005,0.0,48 51 414 417 1272 1273 1274 1275 1276 1277 1278 1279 1280 1281 1282 1283 1284 1285 1286 1287 1288 1289 1290 1291 1292 1293 1294 1295 1296 1297 1298 1299 1300 1301 1302 1303 1304 1305 1306 1307 1308 1309 1310 1313 1314 1315 1316 1317 1318 1319 1320 1321 1322 1323 1324 1325 1326 1327 1328 1329 1330 1331 1332 1343 1344 1345 1346 1347
87,8,54125.06517973727,12231.535,66356.60017973727,369 375 377 378 406 408 409 881 882 883 884 910 911 913 914 915 916 917 919 920 921 1009 1010 1036 1038 1039 1041 1042 1044 1045 1046 1047 1048 1049 1050 1051 1052 1053 1054 1055 1056 1057 1058 1059 1060 1061 1062 1063 1064 1065 1066 1067 1068 1069 1070 1071 1072 1073 1074 1075 1076 1077 1078 1079 1080 1081 1082 1083 1084 1085 1086 1087 1088 1091 1092 1093 1098 1106 1107 1108 1109 1110 1111 1112 1113 1114 1115 1116 1117 1118 1119 1120 1121 1122 1123 1124 1125 1126 1127 1128 1129 1130 1131 1132 1133 1134 1135 1136 1137 1138 1139 1140 1141 1142 1143 1144 1145 1146 1147 1148 1149 1150 1151 1152 1153 1154 1155 1156 1157 1158 1159 1160 1161 1162 1163 1164 1165 1166 1167 1168 1169 1170 1171 1172 1173 1174 1175
87,9,30780.835531516008,7590.01,0.0,428 447 448 449 450 451 452 453 454 455 456 457 458 459 460 461 462 463 464 465 466 467 468 469 470 471 1037 1040 1043 1176 1177 1178 1179 1180 1181 1182 1183 1184 1185 1186 1187 1188 1189 1190 1191 1192 1193 1194 1195 1196 1197 1198 1199 1200 1201 1202 1203 1204 1205 1206 1207 1208 1209 1210 1211 1212 1213 1214 1215 1216 1217 1218 1219 1220 1221 1222 1223 1224 1225 1226 1227 1228 1229 1230 1231 1232 1233 1234 1235 1236 1237 1238 1239 1240 1241 1242 1243 1244 1245 1246 1247 1248 1249 1250 1251 1252 1253 1254 1255 1256 1257 1258 1259 1260 1261 1262 1263 1264 1265 1266 1268 1269 1270 1271 1333 1334 1335 1336 1337 1365 1366
88,0,30240.490999999995,32857.793,63098.28399999999,24 27 106 107 108 109 110 111 112 116 117 118 119 120 121 122 123 124 125 126 127 128 129 130 137 154 155 156 157 158 159 160 161 162 163 166 167 168 169 170 474 475 476 477 478 490 491 492 498 499 500 501 502 503 504 545 546 547 548 549 550 551 552 553 554 555 556 557 558 559 560 561 562 563 564 565 566 567 568 569 570 571 572 573 574 575 576 577 578 579 580 581 582 583 584 585 586 587 588 589 590 591 592 593 594 595 596 597 598 599 600 601 602 603 604 605 606 607 608 609 610 611 612 613 614 615 616 617 618 619 620 621 622 623 624 625 626 627 628 629 630 631 632 633 634 635 636 637 638 639 640 641 642 643 644 645 646 647 648 649 650 651 652 653 654 655 656 657 658 659 660 661 662 663 664 665 666 667 668 669 670 671 672 673 674 675 676 677 678 679 680 681 682 683 684 685 686 687 688 689 690 691 692 693 694 695 696 697 698 699 700 701 702 703 704 705 706 707 708 709 710 711 712 713 714 715 716 717 718 719 720 721 722 723 724 725 726 727 728 729 730 731 732 733 734 735 736 737 738 739 740 741 742 743 744 745 746 747 748 749 750 751 752 753 754 755 756 757 758 759 760 761 762 763 764 765 766 767 768 769 770 771 772 773 775 776 777 778 779 780 781 782 784 785 787 788 789 790 791 792 793 794 795 796 797 798 799 800 801 802 803 804 805 806 807 808 809 810 811 812 813 814 815 816 817 818 819 820 821 822 823 824 825 826 827 828 829 830 831 832 833 834 835 836 837 838 839 840 841 842 843 844 845 846 847 848 849 850 851 852 853 854 855 856 857 858 859 860 861 862 872 889 890 891 892 893 898 899 900 901 902 903 904 905 906 907 908 909 912 953 954
88,1,15704.940762974233,5076.268,0.0,0 1 2 3 4 5 6 7 8 9 10 11 12 13 14 15 16 17 18 19 20 21 22 23 25 26 28 29 30 31 32 33 34 35 36 37 38 39 40 41 42 43 44 45 46 47 49 50 75 78
88,2,0.0,20761.236,0.0,415 416 418 419 420 421 422 423 424 425 426 427 429 430 431 432 433 434 435 436 437 438 439 440 441 442 443 444 445 446 472 473 479 480 481 482 483 484 485 486 487 488 489 493 494 495 496 497 505 506 507 508 509 510 511 512 513 514 515 516 517 518 519 520 521 522 523 524 525 526 527 528 529 530 531 532 533 534 535 536 537 538 539 540 541 542 543 544 774 783 786 885 886 887 888 894 895 896 897 918 922 923 924 925 926 927 928 929 930 931 932 933 934 935 936 937 938 939 940 941 942 943 944 945 946 947 948 949 950 951 952 955 956 957 958 959 960 961 962 963 964 965 966 967 968 969 970 971 972 973 974 975 976 977 978 979 980 981 982 983 984 985 986 987 988 989 990 991 992 993 994 995 996 997 998 999 1000 1001 1002 1003 1004 1005 1006 1007 1008 1011 1012 1013 1014 1015 1016 1017 1018 1019 1020 1021 1022 1023 1024 1025 1026 1027 1028 1029 1030 1031 1032 1033 1034 1035
88,3,15775.979449689214,5057.393,0.0,52 53 54 55 56 57 58 59 60 61 62 63 64 65 66 67 68 69 70 71 72 73 74 76 77 79 80 81 82 83 84 85 86 87 88 89 90 91 92 93 94 95 96 97 98 99 100 101 102 103 104 105 113 114 115 131 132 133 134 135 136 218 219 220 221 222 223 224 225
88,4,42072.524773134806,12336.923999999999,0.0,138 139 140 141 142 143 146 147 148 149 150 151 152 153 164 165 171 172 173 174 175 176 177 178 179 180 181 182 183 184 185 186 187 188 189 190 191 192 193 194 195 196 197 198 199 200 201 202 203 204 205 206 207 208 209 210 211 212 213 214 215 216 217 309 310 311 312 313 314 315 316 317 318 319 320 321 322 323 324 325 326 327 328 329 330 331 332 333 334 335 336 337 338 339 340 341 342 343 344 345 346 347 348 349 350 351 352 353 354 355 356 357 358 359 360 361 362 363 364 365 366 367 368 370 371 372 373 374 376 379 380 381 382 383 391 392 393 394 395 396 397 398 399 401 407 410 411 412 413 863 864 865 866 867 868 869 870 871 873 874 875 876 877 878 879 880 1089 1090 1094 1095 1096 1097 1099 1100 1101 1102 1103 1104 1105
88,5,18122.766117697098,7028.467,0.0,144 145 226 227 228 229 230 231 232 233 234 235 236 237 238 239 240 241 242 243 244 245 246 247 248 249 250 251 252 253 254 255 256 257 258 259 260 261 262 263 264 265 266 267 268 269 270 271 272 273 274 275 276 277 278 279 280 281 282 283 284 285 286 287 288 289 290 291 292 293 294 295 296 297 298 299 300 301 302 303 304 305 306 307 308 384 385 386 387 388 389 390 400 402 403 404 405
88,6,8441.953686272565,3215.59,0.0,1267 1311 1312 1338 1339 1340 1341 1342 1348 1349 1350 1351 1352 1353 1354 1355 1356 1357 1358 1359 1360 1361 1362 1363 1364 1367 1368 1369 1370 1371 1372 1373 1374 1375 1376 1377 1378 1379 1380 1381 1382 1383 1384 1385 1386 1387 1388 1389 1390 1391 1392 1393 1394 1395 1396 1397 1398 1399 1400 1401 1402 1403 1404 1405 1406 1407 1408 1409 1410 1411 1412 1413 1414 1415 1416 1417 1418
88,7,19898.239675908673,6748.928,0.0,48 51 414 417 1272 1273 1274 1275 1276 1277 1278 1279 1280 1281 1282 1283 1284 1285 1286 1287 1288 1289 1290 1291 1292 1293 1294 1295 1296 1297 1298 1299 1300 1301 1302 1303 1304 1305 1306 1307 1308 1309 1310 1313 1314 1315 1316 1317 1318 1319 1320 1321 1322 1323 1324 1325 1326 1327 1328 1329 1330 1331 1332 1343 1344 1345 1346 1347
88,8,44118.47117973727,10006.594000000001,0.0,369 375 377 378 406 408 409 881 882 883 884 910 911 913 914 915 916 917 919 920 921 1009 1010 1036 1038 1039 1041 1042 1044 1045 1046 1047 1048 1049 1050 1051 1052 1053 1054 1055 1056 1057 1058 1059 1060 1061 1062 1063 1064 1065 1066 1067 1068 1069 1070 1071 1072 1073 1074 1075 1076 1077 1078 1079 1080 1081 1082 1083 1084 1085 1086 1087 1088 1091 1092 1093 1098 1106 1107 1108 1109 1110 1111 1112 1113 1114 1115 1116 1117 1118 1119 1120 1121 1122 1123 1124 1125 1126 1127 1128 1129 1130 1131 1132 1133 1134 1135 1136 1137 1138 1139 1140 1141 1142 1143 1144 1145 1146 1147 1148 1149 1150 1151 1152 1153 1154 1155 1156 1157 1158 1159 1160 1161 1162 1163 1164 1165 1166 1167 1168 1169 1170 1171 1172 1173 1174 1175
88,9,22979.138531516008,7801.697,0.0,428 447 448 449 450 451 452 453 454 455 456 457 458 459 460 461 462 463 464 465 466 467 468 469 470 471 1037 1040 1043 1176 1177 1178 1179 1180 1181 1182 1183 1184 1185 1186 1187 1188 1189 1190 1191 1192 1193 1194 1195 1196 1197 1198 1199 1200 1201 1202 1203 1204 1205 1206 1207 1208 1209 1210 1211 1212 1213 1214 1215 1216 1217 1218 1219 1220 1221 1222 1223 1224 1225 1226 1227 1228 1229 1230 1231 1232 1233 1234 1235 1236 1237 1238 1239 1240 1241 1242 1243 1244 1245 1246 1247 1248 1249 1250 1251 1252 1253 1254 1255 1256 1257 1258 1259 1260 1261 1262 1263 1264 1265 1266 1268 1269 1270 1271 1333 1334 1335 1336 1337 1365 1366
89,0,0.0,30240.491,0.0,24 27 106 107 108 109 110 111 112 116 117 118 119 120 121 122 123 124 125 126 127 128 129 130 137 154 155 156 157 158 159 160 161 162 163 166 167 168 169 170 474 475 476 477 478 490 491 492 498 499 500 501 502 503 504 545 546 547 548 549 550 551 552 553 554 555 556 557 558 559 560 561 562 563 564 565 566 567 568 569 570 571 572 573 574 575 576 577 578 579 580 581 582 583 584 585 586 587 588 589 590 591 592 593 594 595 596 597 598 599 600 601 602 603 604 605 606 607 608 609 610 611 612 613 614 615 616 617 618 619 620 621 622 623 624 625 626 627 628 629 630 631 632 633 634 635 636 637 638 639 640 641 642 643 644 645 646 647 648 649 650 651 652 653 654 655 656 657 658 659 660 661 662 663 664 665 666 667 668 669 670 671 672 673 674 675 676 677 678 679 680 681 682 683 684 685 686 687 688 689 690 691 692 693 694 695 696 697 698 699 700 701 702 703 704 705 706 707 708 709 710 711 712 713 714 715 716 717 718 719 720 721 722 723 724 725 726 727 728 729 730 731 732 733 734 735 736 737 738 739 740 741 742 743 744 745 746 747 748 749 750 751 752 753 754 755 756 757 758 759 760 761 762 763 764 765 766 767 768 769 770 771 772 773 775 776 777 778 779 780 781 782 784 785 787 788 789 790 791 792 793 794 795 796 797 798 799 800 801 802 803 804 805 806 807 808 809 810 811 812 813 814 815 816 817 818 819 820 821 822 823 824 825 826 827 828 829 830 831 832 833 834 835 836 837 838 839 840 841 842 843 844 845 846 847 848 849 850 851 852 853 854 855 856 857 858 859 860 861 862 872 889 890 891 892 893 898 899 900 901 902 903 904 905 906 907 908 909 912 953 954
89,1,11142.142762974232,4562.798,0.0,0 1 2 3 4 5 6 7 8 9 10 11 12 13 14 15 16 17 18 19 20 21 22 23 25 26 28 29 30 31 32 33 34 35 36 37 38 39 40 41 42 43 44 45 46 47 49 50 75 78
89,2,43630.67916239222,19484.747,63115.42616239222,415 416 418 419 420 421 422 423 424 425 426 427 429 430 431 432 433 434 435 436 437 438 439 440 441 442 443 444 445 446 472 473 479 480 481 482 483 484 485 486 487 488 489 493 494 495 496 497 505 506 507 508 509 510 511 512 513 514 515 516 517 518 519 520 521 522 523 524 525 526 527 528 529 530 531 532 533 534 535 536 537 538 539 540 541 542 543 544 774 783 786 885 886 887 888 894 895 896 897 918 922 923 924 925 926 927 928 929 930 931 932 933 934 935 936 937 938 939 940 941 942 943 944 945 946 947 948 949 950 951 952 955 956 957 958 959 960 961 962 963 964 965 966 967 968 969 970 971 972 973 974 975 976 977 978 979 980 981 982 983 984 985 986 987 988 989 990 991 992 993 994 995 996 997 998 999 1000 1001 1002 1003 1004 1005 1006 1007 1008 1011 1012 1013 1014 1015 1016 1017 1018 1019 1020 1021 1022 1023 1024 1025 1026 1027 1028 1029 1030 1031 1032 1033 1034 1035
89,3,11280.568449689214,4495.411,0.0,52 53 54 55 56 57 58 59 60 61 62 63 64 65 66 67 68 69 70 71 72 73 74 76 77 79 80 81 82 83 84 85 86 87 88 89 90 91 92 93 94 95 96 97 98 99 100 101 102 103 104 105 113 114 115 131 132 133 134 135 136 218 219 220 221 222 223 224 225
89,4,31345.79877313481,10726.726000000002,0.0,138 139 140 141 142 143 146 147 148 149 150 151 152 153 164 165 171 172 173 174 175 176 177 178 179 180 181 182 183 184 185 186 187 188 189 190 191 192 193 194 195 196 197 198 199 200 201 202 203 204 205 206 207 208 209 210 211 212 213 214 215 216 217 309 310 311 312 313 314 315 316 317 318 319 320 321 322 323 324 325 326 327 328 329 330 331 332 333 334 335 336 337 338 339 340 341 342 343 344 345 346 347 348 349 350 351 352 353 354 355 356 357 358 359 360 361 362 363 364 365 366 367 368 370 371 372 373 374 376 379 380 381 382 383 391 392 393 394 395 396 397 398 399 401 407 410 411 412 413 863 864 865 866 867 868 869 870 871 873 874 875 876 877 878 879 880 1089 1090 1094 1095 1096 1097 1099 1100 1101 1102 1103 1104 1105
89,5,12627.754117697097,5495.012000000001,0.0,144 145 226 227 228 229 230 231 232 233 234 235 236 237 238 239 240 241 242 243 244 245 246 247 248 249 250 251 252 253 254 255 256 257 258 259 260 261 262 263 264 265 266 267 268 269 270 271 272 273 274 275 276 277 278 279 280 281 282 283 284 285 286 287 288 289 290 291 292 293 294 295 296 297 298 299 300 301 302 303 304 305 306 307 308 384 385 386 387 388 389 390 400 402 403 404 405
89,6,5698.350686272566,2743.603,0.0,1267 1311 1312 1338 1339 1340 1341 1342 1348 1349 1350 1351 1352 1353 1354 1355 1356 1357 1358 1359 1360 1361 1362 1363 1364 1367 1368 1369 1370 1371 1372 1373 1374 1375 1376 1377 1378 1379 1380 1381 1382 1383 1384 1385 1386 1387 1388 1389 1390 1391 1392 1393 1394 1395 1396 1397 1398 1399 1400 1401 1402 1403 1404 1405 1406 1407 1408 1409 1410 1411 1412 1413 1414 1415 1416 1417 1418
89,7,13313.794675908674,6584.445000000001,0.0,48 51 414 417 1272 1273 1274 1275 1276 1277 1278 1279 1280 1281 1282 1283 1284 1285 1286 1287 1288 1289 1290 1291 1292 1293 1294 1295 1296 1297 1298 1299 1300 1301 1302 1303 1304 1305 1306 1307 1308 1309 1310 1313 1314 1315 1316 1317 1318 1319 1320 1321 1322 1323 1324 1325 1326 1327 1328 1329 1330 1331 1332 1343 1344 1345 1346 1347
89,8,34832.208179737274,9286.263,0.0,369 375 377 378 406 408 409 881 882 883 884 910 911 913 914 915 916 917 919 920 921 1009 1010 1036 1038 1039 1041 1042 1044 1045 1046 1047 1048 1049 1050 1051 1052 1053 1054 1055 1056 1057 1058 1059 1060 1061 1062 1063 1064 1065 1066 1067 1068 1069 1070 1071 1072 1073 1074 1075 1076 1077 1078 1079 1080 1081 1082 1083 1084 1085 1086 1087 1088 1091 1092 1093 1098 1106 1107 1108 1109 1110 1111 1112 1113 1114 1115 1116 1117 1118 1119 1120 1121 1122 1123 1124 1125 1126 1127 1128 1129 1130 1131 1132 1133 1134 1135 1136 1137 1138 1139 1140 1141 1142 1143 1144 1145 1146 1147 1148 1149 1150 1151 1152 1153 1154 1155 1156 1157 1158 1159 1160 1161 1162 1163 1164 1165 1166 1167 1168 1169 1170 1171 1172 1173 1174 1175
89,9,16046.074531516007,6933.064,0.0,428 447 448 449 450 451 452 453 454 455 456 457 458 459 460 461 462 463 464 465 466 467 468 469 470 471 1037 1040 1043 1176 1177 1178 1179 1180 1181 1182 1183 1184 1185 1186 1187 1188 1189 1190 1191 1192 1193 1194 1195 1196 1197 1198 1199 1200 1201 1202 1203 1204 1205 1206 1207 1208 1209 1210 1211 1212 1213 1214 1215 1216 1217 1218 1219 1220 1221 1222 1223 1224 1225 1226 1227 1228 1229 1230 1231 1232 1233 1234 1235 1236 1237 1238 1239 1240 1241 1242 1243 1244 1245 1246 1247 1248 1249 1250 1251 1252 1253 1254 1255 1256 1257 1258 1259 1260 1261 1262 1263 1264 1265 1266 1268 1269 1270 1271 1333 1334 1335 1336 1337 1365 1366
90,0,48135.85168885976,28964.583999999995,77100.43568885975,24 27 106 107 108 109 110 111 112 116 117 118 119 120 121 122 123 124 125 126 127 128 129 130 137 154 155 156 157 158 159 160 161 162 163 166 167 168 169 170 474 475 476 477 478 490 491 492 498 499 500 501 502 503 504 545 546 547 548 549 550 551 552 553 554 555 556 557 558 559 560 561 562 563 564 565 566 567 568 569 570 571 572 573 574 575 576 577 578 579 580 581 582 583 584 585 586 587 588 589 590 591 592 593 594 595 596 597 598 599 600 601 602 603 604 605 606 607 608 609 610 611 612 613 614 615 616 617 618 619 620 621 622 623 624 625 626 627 628 629 630 631 632 633 634 635 636 637 638 639 640 641 642 643 644 645 646 647 648 649 650 651 652 653 654 655 656 657 658 659 660 661 662 663 664 665 666 667 668 669 670 671 672 673 674 675 676 677 678 679 680 681 682 683 684 685 686 687 688 689 690 691 692 693 694 695 696 697 698 699 700 701 702 703 704 705 706 707 708 709 710 711 712 713 714 715 716 717 718 719 720 721 722 723 724 725 726 727 728 729 730 731 732 733 734 735 736 737 738 739 740 741 742 743 744 745 746 747 748 749 750 751 752 753 754 755 756 757 758 759 760 761 762 763 764 765 766 767 768 769 770 771 772 773 775 776 777 778 779 780 781 782 784 785 787 788 789 790 791 792 793 794 795 796 797 798 799 800 801 802 803 804 805 806 807 808 809 810 811 812 813 814 815 816 817 818 819 820 821 822 823 824 825 826 827 828 829 830 831 832 833 834 835 836 837 838 839 840 841 842 843 844 845 846 847 848 849 850 851 852 853 854 855 856 857 858 859 860 861 862 872 889 890 891 892 893 898 899 900 901 902 903 904 905 906 907 908 909 912 953 954
90,1,6872.423762974234,4269.719,0.0,0 1 2 3 4 5 6 7 8 9 10 11 12 13 14 15 16 17 18 19 20 21 22 23 25 26 28 29 30 31 32 33 34 35 36 37 38 39 40 41 42 43 44 45 46 47 49 50 75 78
90,2,27448.67616239222,16182.003,0.0,415 416 418 419 420 421 422 423 424 425 426 427 429 430 431 432 433 434 435 436 437 438 439 440 441 442 443 444 445 446 472 473 479 480 481 482 483 484 485 486 487 488 489 493 494 495 496 497 505 506 507 508 509 510 511 512 513 514 515 516 517 518 519 520 521 522 523 524 525 526 527 528 529 530 531 532 533 534 535 536 537 538 539 540 541 542 543 544 774 783 786 885 886 887 888 894 895 896 897 918 922 923 924 925 926 927 928 929 930 931 932 933 934 935 936 937 938 939 940 941 942 943 944 945 946 947 948 949 950 951 952 955 956 957 958 959 960 961 962 963 964 965 966 967 968 969 970 971 972 973 974 975 976 977 978 979 980 981 982 983 984 985 986 987 988 989 990 991 992 993 994 995 996 997 998 999 1000 1001 1002 1003 1004 1005 1006 1007 1008 1011 1012 1013 1014 1015 1016 1017 1018 1019 1020 1021 1022 1023 1024 1025 1026 1027 1028 1029 1030 1031 1032 1033 1034 1035
90,3,7206.687449689214,4073.8809999999994,0.0,52 53 54 55 56 57 58 59 60 61 62 63 64 65 66 67 68 69 70 71 72 73 74 76 77 79 80 81 82 83 84 85 86 87 88 89 90 91 92 93 94 95 96 97 98 99 100 101 102 103 104 105 113 114 115 131 132 133 134 135 136 218 219 220 221 222 223 224 225
90,4,21395.069773134812,9950.729,0.0,138 139 140 141 142 143 146 147 148 149 150 151 152 153 164 165 171 172 173 174 175 176 177 178 179 180 181 182 183 184 185 186 187 188 189 190 191 192 193 194 195 196 197 198 199 200 201 202 203 204 205 206 207 208 209 210 211 212 213 214 215 216 217 309 310 311 312 313 314 315 316 317 318 319 320 321 322 323 324 325 326 327 328 329 330 331 332 333 334 335 336 337 338 339 340 341 342 343 344 345 346 347 348 349 350 351 352 353 354 355 356 357 358 359 360 361 362 363 364 365 366 367 368 370 371 372 373 374 376 379 380 381 382 383 391 392 393 394 395 396 397 398 399 401 407 410 411 412 413 863 864 865 866 867 868 869 870 871 873 874 875 876 877 878 879 880 1089 1090 1094 1095 1096 1097 1099 1100 1101 1102 1103 1104 1105
90,5,7256.407117697097,5371.347000000001,0.0,144 145 226 227 228 229 230 231 232 233 234 235 236 237 238 239 240 241 242 243 244 245 246 247 248 249 250 251 252 253 254 255 256 257 258 259 260 261 262 263 264 265 266 267 268 269 270 271 272 273 274 275 276 277 278 279 280 281 282 283 284 285 286 287 288 289 290 291 292 293 294 295 296 297 298 299 300 301 302 303 304 305 306 307 308 384 385 386 387 388 389 390 400 402 403 404 405
90,6,3517.842686272566,2180.5080000000003,0.0,1267 1311 1312 1338 1339 1340 1341 1342 1348 1349 1350 1351 1352 1353 1354 1355 1356 1357 1358 1359 1360 1361 1362 1363 1364 1367 1368 1369 1370 1371 1372 1373 1374 1375 1376 1377 1378 1379 1380 1381 1382 1383 1384 1385 1386 1387 1388 1389 1390 1391 1392 1393 1394 1395 1396 1397 1398 1399 1400 1401 1402 1403 1404 1405 1406 1407 1408 1409 1410 1411 1412 1413 1414 1415 1416 1417 1418
90,7,7334.306675908672,5979.487999999999,0.0,48 51 414 417 1272 1273 1274 1275 1276 1277 1278 1279 1280 1281 1282 1283 1284 1285 1286 1287 1288 1289 1290 1291 1292 1293 1294 1295 1296 1297 1298 1299 1300 1301 1302 1303 1304 1305 1306 1307 1308 1309 1310 1313 1314 1315 1316 1317 1318 1319 1320 1321 1322 1323 1324 1325 1326 1327 1328 1329 1330 1331 1332 1343 1344 1345 1346 1347
90,8,25857.846179737273,8974.362,0.0,369 375 377 378 406 408 409 881 882 883 884 910 911 913 914 915 916 917 919 920 921 1009 1010 1036 1038 1039 1041 1042 1044 1045 1046 1047 1048 1049 1050 1051 1052 1053 1054 1055 1056 1057 1058 1059 1060 1061 1062 1063 1064 1065 1066 1067 1068 1069 1070 1071 1072 1073 1074 1075 1076 1077 1078 1079 1080 1081 1082 1083 1084 1085 1086 1087 1088 1091 1092 1093 1098 1106 1107 1108 1109 1110 1111 1112 1113 1114 1115 1116 1117 1118 1119 1120 1121 1122 1123 1124 1125 1126 1127 1128 1129 1130 1131 1132 1133 1134 1135 1136 1137 1138 1139 1140 1141 1142 1143 1144 1145 1146 1147 1148 1149 1150 1151 1152 1153 1154 1155 1156 1157 1158 1159 1160 1161 1162 1163 1164 1165 1166 1167 1168 1169 1170 1171 1172 1173 1174 1175
90,9,9927.469531516008,6118.605,0.0,428 447 448 449 450 451 452 453 454 455 456 457 458 459 460 461 462 463 464 465 466 467 468 469 470 471 1037 1040 1043 1176 1177 1178 1179 1180 1181 1182 1183 1184 1185 1186 1187 1188 1189 1190 1191 1192 1193 1194 1195 1196 1197 1198 1199 1200 1201 1202 1203 1204 1205 1206 1207 1208 1209 1210 1211 1212 1213 1214 1215 1216 1217 1218 1219 1220 1221 1222 1223 1224 1225 1226 1227 1228 1229 1230 1231 1232 1233 1234 1235 1236 1237 1238 1239 1240 1241 1242 1243 1244 1245 1246 1247 1248 1249 1250 1251 1252 1253 1254 1255 1256 1257 1258 1259 1260 1261 1262 1263 1264 1265 1266 1268 1269 1270 1271 1333 1334 1335 1336 1337 1365 1366
91,0,22257.547688859755,25878.304,0.0,24 27 106 107 108 109 110 111 112 116 117 118 119 120 121 122 123 124 125 126 127 128 129 130 137 154 155 156 157 158 159 160 161 162 163 166 167 168 169 170 474 475 476 477 478 490 491 492 498 499 500 501 502 503 504 545 546 547 548 549 550 551 552 553 554 555 556 557 558 559 560 561 562 563 564 565 566 567 568 569 570 571 572 573 574 575 576 577 578 579 580 581 582 583 584 585 586 587 588 589 590 591 592 593 594 595 596 597 598 599 600 601 602 603 604 605 606 607 608 609 610 611 612 613 614 615 616 617 618 619 620 621 622 623 624 625 626 627 628 629 630 631 632 633 634 635 636 637 638 639 640 641 642 643 644 645 646 647 648 649 650 651 652 653 654 655 656 657 658 659 660 661 662 663 664 665 666 667 668 669 670 671 672 673 674 675 676 677 678 679 680 681 682 683 684 685 686 687 688 689 690 691 692 693 694 695 696 697 698 699 700 701 702 703 704 705 706 707 708 709 710 711 712 713 714 715 716 717 718 719 720 721 722 723 724 725 726 727 728 729 730 731 732 733 734 735 736 737 738 739 740 741 742 743 744 745 746 747 748 749 750 751 752 753 754 755 756 757 758 759 760 761 762 763 764 765 766 767 768 769 770 771 772 773 775 776 777 778 779 780 781 782 784 785 787 788 789 790 791 792 793 794 795 796 797 798 799 800 801 802 803 804 805 806 807 808 809 810 811 812 813 814 815 816 817 818 819 820 821 822 823 824 825 826 827 828 829 830 831 832 833 834 835 836 837 838 839 840 841 842 843 844 845 846 847 848 849 850 851 852 853 854 855 856 857 858 859 860 861 862 872 889 890 891 892 893 898 899 900 901 902 903 904 905 906 907 908 909 912 953 954
91,1,2653.018762974233,4219.405,0.0,0 1 2 3 4 5 6 7 8 9 10 11 12 13 14 15 16 17 18 19 20 21 22 23 25 26 28 29 30 31 32 33 34 35 36 37 38 39 40 41 42 43 44 45 46 47 49 50 75 78
91,2,12590.146162392219,14858.529999999999,0.0,415 416 418 419 420 421 422 423 424 425 426 427 429 430 431 432 433 434 435 436 437 438 439 440 441 442 443 444 445 446 472 473 479 480 481 482 483 484 485 486 487 488 489 493 494 495 496 497 505 506 507 508 509 510 511 512 513 514 515 516 517 518 519 520 521 522 523 524 525 526 527 528 529 530 531 532 533 534 535 536 537 538 539 540 541 542 543 544 774 783 786 885 886 887 888 894 895 896 897 918 922 923 924 925 926 927 928 929 930 931 932 933 934 935 936 937 938 939 940 941 942 943 944 945 946 947 948 949 950 951 952 955 956 957 958 959 960 961 962 963 964 965 966 967 968 969 970 971 972 973 974 975 976 977 978 979 980 981 982 983 984 985 986 987 988 989 990 991 992 993 994 995 996 997 998 999 1000 1001 1002 1003 1004 1005 1006 1007 1008 1011 1012 1013 1014 1015 1016 1017 1018 1019 1020 1021 1022 1023 1024 1025 1026 1027 1028 1029 1030 1031 1032 1033 1034 1035
91,3,3357.835449689215,3848.852,0.0,52 53 54 55 56 57 58 59 60 61 62 63 64 65 66 67 68 69 70 71 72 73 74 76 77 79 80 81 82 83 84 85 86 87 88 89 90 91 92 93 94 95 96 97 98 99 100 101 102 103 104 105 113 114 115 131 132 133 134 135 136 218 219 220 221 222 223 224 225
91,4,10780.802773134814,10614.267,0.0,138 139 140 141 142 143 146 147 148 149 150 151 152 153 164 165 171 172 173 174 175 176 177 178 179 180 181 182 183 184 185 186 187 188 189 190 191 192 193 194 195 196 197 198 199 200 201 202 203 204 205 206 207 208 209 210 211 212 213 214 215 216 217 309 310 311 312 313 314 315 316 317 318 319 320 321 322 323 324 325 326 327 328 329 330 331 332 333 334 335 336 337 338 339 340 341 342 343 344 345 346 347 348 349 350 351 352 353 354 355 356 357 358 359 360 361 362 363 364 365 366 367 368 370 371 372 373 374 376 379 380 381 382 383 391 392 393 394 395 396 397 398 399 401 407 410 411 412 413 863 864 865 866 867 868 869 870 871 873 874 875 876 877 878 879 880 1089 1090 1094 1095 1096 1097 1099 1100 1101 1102 1103 1104 1105
91,5,2275.1201176970967,4981.287,0.0,144 145 226 227 228 229 230 231 232 233 234 235 236 237 238 239 240 241 242 243 244 245 246 247 248 249 250 251 252 253 254 255 256 257 258 259 260 261 262 263 264 265 266 267 268 269 270 271 272 273 274 275 276 277 278 279 280 281 282 283 284 285 286 287 288 289 290 291 292 293 294 295 296 297 298 299 300 301 302 303 304 305 306 307 308 384 385 386 387 388 389 390 400 402 403 404 405
91,6,1088.5796862725656,2429.2630000000004,0.0,1267 1311 1312 1338 1339 1340 1341 1342 1348 1349 1350 1351 1352 1353 1354 1355 1356 1357 1358 1359 1360 1361 1362 1363 1364 1367 1368 1369 1370 1371 1372 1373 1374 1375 1376 1377 1378 1379 1380 1381 1382 1383 1384 1385 1386 1387 1388 1389 1390 1391 1392 1393 1394 1395 1396 1397 1398 1399 1400 1401 1402 1403 1404 1405 1406 1407 1408 1409 1410 1411 1412 1413 1414 1415 1416 1417 1418
91,7,2706.0756759086726,4628.231,0.0,48 51 414 417 1272 1273 1274 1275 1276 1277 1278 1279 1280 1281 1282 1283 1284 1285 1286 1287 1288 1289 1290 1291 1292 1293 1294 1295 1296 1297 1298 1299 1300 1301 1302 1303 1304 1305 1306 1307 1308 1309 1310 1313 1314 1315 1316 1317 1318 1319 1320 1321 1322 1323 1324 1325 1326 1327 1328 1329 1330 1331 1332 1343 1344 1345 1346 1347
91,8,17664.739179737273,8193.107,0.0,369 375 377 378 406 408 409 881 882 883 884 910 911 913 914 915 916 917 919 920 921 1009 1010 1036 1038 1039 1041 1042 1044 1045 1046 1047 1048 1049 1050 1051 1052 1053 1054 1055 1056 1057 1058 1059 1060 1061 1062 1063 1064 1065 1066 1067 1068 1069 1070 1071 1072 1073 1074 1075 1076 1077 1078 1079 1080 1081 1082 1083 1084 1085 1086 1087 1088 1091 1092 1093 1098 1106 1107 1108 1109 1110 1111 1112 1113 1114 1115 1116 1117 1118 1119 1120 1121 1122 1123 1124 1125 1126 1127 1128 1129 1130 1131 1132 1133 1134 1135 1136 1137 1138 1139 1140 1141 1142 1143 1144 1145 1146 1147 1148 1149 1150 1151 1152 1153 1154 1155 1156 1157 1158 1159 1160 1161 1162 1163 1164 1165 1166 1167 1168 1169 1170 1171 1172 1173 1174 1175
91,9,4085.9375315160073,5841.532,0.0,428 447 448 449 450 451 452 453 454 455 456 457 458 459 460 461 462 463 464 465 466 467 468 469 470 471 1037 1040 1043 1176 1177 1178 1179 1180 1181 1182 1183 1184 1185 1186 1187 1188 1189 1190 1191 1192 1193 1194 1195 1196 1197 1198 1199 1200 1201 1202 1203 1204 1205 1206 1207 1208 1209 1210 1211 1212 1213 1214 1215 1216 1217 1218 1219 1220 1221 1222 1223 1224 1225 1226 1227 1228 1229 1230 1231 1232 1233 1234 1235 1236 1237 1238 1239 1240 1241 1242 1243 1244 1245 1246 1247 1248 1249 1250 1251 1252 1253 1254 1255 1256 1257 1258 1259 1260 1261 1262 1263 1264 1265 1266 1268 1269 1270 1271 1333 1334 1335 1336 1337 1365 1366
92,0,0.0,22312.774999999998,0.0,24 27 106 107 108 109 110 111 112 116 117 118 119 120 121 122 123 124 125 126 127 128 129 130 137 154 155 156 157 158 159 160 161 162 163 166 167 168 169 170 474 475 476 477 478 490 491 492 498 499 500 501 502 503 504 545 546 547 548 549 550 551 552 553 554 555 556 557 558 559 560 561 562 563 564 565 566 567 568 569 570 571 572 573 574 575 576 577 578 579 580 581 582 583 584 585 586 587 588 589 590 591 592 593 594 595 596 597 598 599 600 601 602 603 604 605 606 607 608 609 610 611 612 613 614 615 616 617 618 619 620 621 622 623 624 625 626 627 628 629 630 631 632 633 634 635 636 637 638 639 640 641 642 643 644 645 646 647 648 649 650 651 652 653 654 655 656 657 658 659 660 661 662 663 664 665 666 667 668 669 670 671 672 673 674 675 676 677 678 679 680 681 682 683 684 685 686 687 688 689 690 691 692 693 694 695 696 697 698 699 700 701 702 703 704 705 706 707 708 709 710 711 712 713 714 715 716 717 718 719 720 721 722 723 724 725 726 727 728 729 730 731 732 733 734 735 736 737 738 739 740 741 742 743 744 745 746 747 748 749 750 751 752 753 754 755 756 757 758 759 760 761 762 763 764 765 766 767 768 769 770 771 772 773 775 776 777 778 779 780 781 782 784 785 787 788 789 790 791 792 793 794 795 796 797 798 799 800 801 802 803 804 805 806 807 808 809 810 811 812 813 814 815 816 817 818 819 820 821 822 823 824 825 826 827 828 829 830 831 832 833 834 835 836 837 838 839 840 841 842 843 844 845 846 847 848 849 850 851 852 853 854 855 856 857 858 859 860 861 862 872 889 890 891 892 893 898 899 900 901 902 903 904 905 906 907 908 909 912 953 954
92,1,0.0,3663.53,0.0,0 1 2 3 4 5 6 7 8 9 10 11 12 13 14 15 16 17 18 19 20 21 22 23 25 26 28 29 30 31 32 33 34 35 36 37 38 39 40 41 42 43 44 45 46 47 49 50 75 78
92,2,0.0,12910.161,0.0,415 416 418 419 420 421 422 423 424 425 426 427 429 430 431 432 433 434 435 436 437 438 439 440 441 442 443 444 445 446 472 473 479 480 481 482 483 484 485 486 487 488 489 493 494 495 496 497 505 506 507 508 509 510 511 512 513 514 515 516 517 518 519 520 521 522 523 524 525 526 527 528 529 530 531 532 533 534 535 536 537 538 539 540 541 542 543 544 774 783 786 885 886 887 888 894 895 896 897 918 922 923 924 925 926 927 928 929 930 931 932 933 934 935 936 937 938 939 940 941 942 943 944 945 946 947 948 949 950 951 952 955 956 957 958 959 960 961 962 963 964 965 966 967 968 969 970 971 972 973 974 975 976 977 978 979 980 981 982 983 984 985 986 987 988 989 990 991 992 993 994 995 996 997 998 999 1000 1001 1002 1003 1004 1005 1006 1007 1008 1011 1012 1013 1014 1015 1016 1017 1018 1019 1020 1021 1022 1023 1024 1025 1026 1027 1028 1029 1030 1031 1032 1033 1034 1035
92,3,0.0,4486.264999999999,0.0,52 53 54 55 56 57 58 59 60 61 62 63 64 65 66 67 68 69 70 71 72 73 74 76 77 79 80 81 82 83 84 85 86 87 88 89 90 91 92 93 94 95 96 97 98 99 100 101 102 103 104 105 113 114 115 131 132 133 134 135 136 218 219 220 221 222 223 224 225
92,4,0.0,11512.316,0.0,138 139 140 141 142 143 146 147 148 149 150 151 152 153 164 165 171 172 173 174 175 176 177 178 179 180 181 182 183 184 185 186 187 188 189 190 191 192 193 194 195 196 197 198 199 200 201 202 203 204 205 206 207 208 209 210 211 212 213 214 215 216 217 309 310 311 312 313 314 315 316 317 318 319 320 321 322 323 324 325 326 327 328 329 330 331 332 333 334 335 336 337 338 339 340 341 342 343 344 345 346 347 348 349 350 351 352 353 354 355 356 357 358 359 360 361 362 363 364 365 366 367 368 370 371 372 373 374 376 379 380 381 382 383 391 392 393 394 395 396 397 398 399 401 407 410 411 412 413 863 864 865 866 867 868 869 870 871 873 874 875 876 877 878 879 880 1089 1090 1094 1095 1096 1097 1099 1100 1101 1102 1103 1104 1105
92,5,0.0,3815.729,0.0,144 145 226 227 228 229 230 231 232 233 234 235 236 237 238 239 240 241 242 243 244 245 246 247 248 249 250 251 252 253 254 255 256 257 258 259 260 261 262 263 264 265 266 267 268 269 270 271 272 273 274 275 276 277 278 279 280 281 282 283 284 285 286 287 288 289 290 291 292 293 294 295 296 297 298 299 300 301 302 303 304 305 306 307 308 384 385 386 387 388 389 390 400 402 403 404 405
92,6,0.0,2476.5600000000004,0.0,1267 1311 1312 1338 1339 1340 1341 1342 1348 1349 1350 1351 1352 1353 1354 1355 1356 1357 1358 1359 1360 1361 1362 1363 1364 1367 1368 1369 1370 1371 1372 1373 1374 1375 1376 1377 1378 1379 1380 1381 1382 1383 1384 1385 1386 1387 1388 1389 1390 1391 1392 1393 1394 1395 1396 1397 1398 1399 1400 1401 1402 1403 1404 1405 1406 1407 1408 1409 1410 1411 1412 1413 1414 1415 1416 1417 1418
92,7,0.0,4091.1550000000007,0.0,48 51 414 417 1272 1273 1274 1275 1276 1277 1278 1279 1280 1281 1282 1283 1284 1285 1286 1287 1288 1289 1290 1291 1292 1293 1294 1295 1296 1297 1298 1299 1300 1301 1302 1303 1304 1305 1306 1307 1308 1309 1310 1313 1314 1315 1316 1317 1318 1319 1320 1321 1322 1323 1324 1325 1326 1327 1328 1329 1330 1331 1332 1343 1344 1345 1346 1347
92,8,10128.579589868637,8334.605,0.0,369 375 377 378 406 408 409 881 882 883 884 910 911 913 914 915 916 917 919 920 921 1009 1010 1036 1038 1039 1041 1042 1044 1045 1046 1047 1048 1049 1050 1051 1052 1053 1054 1055 1056 1057 1058 1059 1060 1061 1062 1063 1064 1065 1066 1067 1068 1069 1070 1071 1072 1073 1074 1075 1076 1077 1078 1079 1080 1081 1082 1083 1084 1085 1086 1087 1088 1091 1092 1093 1098 1106 1107 1108 1109 1110 1111 1112 1113 1114 1115 1116 1117 1118 1119 1120 1121 1122 1123 1124 1125 1126 1127 1128 1129 1130 1131 1132 1133 1134 1135 1136 1137 1138 1139 1140 1141 1142 1143 1144 1145 1146 1147 1148 1149 1150 1151 1152 1153 1154 1155 1156 1157 1158 1159 1160 1161 1162 1163 1164 1165 1166 1167 1168 1169 1170 1171 1172 1173 1174 1175
92,9,0.0,5149.289999999999,0.0,428 447 448 449 450 451 452 453 454 455 456 457 458 459 460 461 462 463 464 465 466 467 468 469 470 471 1037 1040 1043 1176 1177 1178 1179 1180 1181 1182 1183 1184 1185 1186 1187 1188 1189 1190 1191 1192 1193 1194 1195 1196 1197 1198 1199 1200 1201 1202 1203 1204 1205 1206 1207 1208 1209 1210 1211 1212 1213 1214 1215 1216 1217 1218 1219 1220 1221 1222 1223 1224 1225 1226 1227 1228 1229 1230 1231 1232 1233 1234 1235 1236 1237 1238 1239 1240 1241 1242 1243 1244 1245 1246 1247 1248 1249 1250 1251 1252 1253 1254 1255 1256 1257 1258 1259 1260 1261 1262 1263 1264 1265 1266 1268 1269 1270 1271 1333 1334 1335 1336 1337 1365 1366
93,0,0.0,22852.051,22796.823688859753,24 27 106 107 108 109 110 111 112 116 117 118 119 120 121 122 123 124 125 126 127 128 129 130 137 154 155 156 157 158 159 160 161 162 163 166 167 168 169 170 474 475 476 477 478 490 491 492 498 499 500 501 502 503 504 545 546 547 548 549 550 551 552 553 554 555 556 557 558 559 560 561 562 563 564 565 566 567 568 569 570 571 572 573 574 575 576 577 578 579 580 581 582 583 584 585 586 587 588 589 590 591 592 593 594 595 596 597 598 599 600 601 602 603 604 605 606 607 608 609 610 611 612 613 614 615 616 617 618 619 620 621 622 623 624 625 626 627 628 629 630 631 632 633 634 635 636 637 638 639 640 641 642 643 644 645 646 647 648 649 650 651 652 653 654 655 656 657 658 659 660 661 662 663 664 665 666 667 668 669 670 671 672 673 674 675 676 677 678 679 680 681 682 683 684 685 686 687 688 689 690 691 692 693 694 695 696 697 698 699 700 701 702 703 704 705 706 707 708 709 710 711 712 713 714 715 716 717 718 719 720 721 722 723 724 725 726 727 728 729 730 731 732 733 734 735 736 737 738 739 740 741 742 743 744 745 746 747 748 749 750 751 752 753 754 755 756 757 758 759 760 761 762 763 764 765 766 767 768 769 770 771 772 773 775 776 777 778 779 780 781 782 784 785 787 788 789 790 791 792 793 794 795 796 797 798 799 800 801 802 803 804 805 806 807 808 809 810 811 812 813 814 815 816 817 818 819 820 821 822 823 824 825 826 827 828 829 830 831 832 833 834 835 836 837 838 839 840 841 842 843 844 845 846 847 848 849 850 851 852 853 854 855 856 857 858 859 860 861 862 872 889 890 891 892 893 898 899 900 901 902 903 904 905 906 907 908 909 912 953 954
93,1,0.0,3128.474,2117.9627629742326,0 1 2 3 4 5 6 7 8 9 10 11 12 13 14 15 16 17 18 19 20 21 22 23 25 26 28 29 30 31 32 33 34 35 36 37 38 39 40 41 42 43 44 45 46 47 49 50 75 78
93,2,0.0,12689.375000000002,12369.360162392224,415 416 418 419 420 421 422 423 424 425 426 427 429 430 431 432 433 434 435 436 437 438 439 440 441 442 443 444 445 446 472 473 479 480 481 482 483 484 485 486 487 488 489 493 494 495 496 497 505 506 507 508 509 510 511 512 513 514 515 516 517 518 519 520 521 522 523 524 525 526 527 528 529 530 531 532 533 534 535 536 537 538 539 540 541 542 543 544 774 783 786 885 886 887 888 894 895 896 897 918 922 923 924 925 926 927 928 929 930 931 932 933 934 935 936 937 938 939 940 941 942 943 944 945 946 947 948 949 950 951 952 955 956 957 958 959 960 961 962 963 964 965 966 967 968 969 970 971 972 973 974 975 976 977 978 979 980 981 982 983 984 985 986 987 988 989 990 991 992 993 994 995 996 997 998 999 1000 1001 1002 1003 1004 1005 1006 1007 1008 1011 1012 1013 1014 1015 1016 1017 1018 1019 1020 1021 1022 1023 1024 1025 1026 1027 1028 1029 1030 1031 1032 1033 1034 1035
93,3,0.0,3356.21,2227.7804496892145,52 53 54 55 56 57 58 59 60 61 62 63 64 65 66 67 68 69 70 71 72 73 74 76 77 79 80 81 82 83 84 85 86 87 88 89 90 91 92 93 94 95 96 97 98 99 100 101 102 103 104 105 113 114 115 131 132 133 134 135 136 218 219 220 221 222 223 224 225
93,4,0.0,10751.848000000002,10020.334773134802,138 139 140 141 142 143 146 147 148 149 150 151 152 153 164 165 171 172 173 174 175 176 177 178 179 180 181 182 183 184 185 186 187 188 189 190 191 192 193 194 195 196 197 198 199 200 201 202 203 204 205 206 207 208 209 210 211 212 213 214 215 216 217 309 310 311 312 313 314 315 316 317 318 319 320 321 322 323 324 325 326 327 328 329 330 331 332 333 334 335 336 337 338 339 340 341 342 343 344 345 346 347 348 349 350 351 352 353 354 355 356 357 358 359 360 361 362 363 364 365 366 367 368 370 371 372 373 374 376 379 380 381 382 383 391 392 393 394 395 396 397 398 399 401 407 410 411 412 413 863 864 865 866 867 868 869 870 871 873 874 875 876 877 878 879 880 1089 1090 1094 1095 1096 1097 1099 1100 1101 1102 1103 1104 1105
93,5,0.0,4546.823,3006.214117697096,144 145 226 227 228 229 230 231 232 233 234 235 236 237 238 239 240 241 242 243 244 245 246 247 248 249 250 251 252 253 254 255 256 257 258 259 260 261 262 263 264 265 266 267 268 269 270 271 272 273 274 275 276 277 278 279 280 281 282 283 284 285 286 287 288 289 290 291 292 293 294 295 296 297 298 299 300 301 302 303 304 305 306 307 308 384 385 386 387 388 389 390 400 402 403 404 405
93,6,0.0,2396.4579999999996,1008.4776862725655,1267 1311 1312 1338 1339 1340 1341 1342 1348 1349 1350 1351 1352 1353 1354 1355 1356 1357 1358 1359 1360 1361 1362 1363 1364 1367 1368 1369 1370 1371 1372 1373 1374 1375 1376 1377 1378 1379 1380 1381 1382 1383 1384 1385 1386 1387 1388 1389 1390 1391 1392 1393 1394 1395 1396 1397 1398 1399 1400 1401 1402 1403 1404 1405 1406 1407 1408 1409 1410 1411 1412 1413 1414 1415 1416 1417 1418
93,7,0.0,3812.567,2427.487675908672,48 51 414 417 1272 1273 1274 1275 1276 1277 1278 1279 1280 1281 1282 1283 1284 1285 1286 1287 1288 1289 1290 1291 1292 1293 1294 1295 1296 1297 1298 1299 1300 1301 1302 1303 1304 1305 1306 1307 1308 1309 1310 1313 1314 1315 1316 1317 1318 1319 1320 1321 1322 1323 1324 1325 1326 1327 1328 1329 1330 1331 1332 1343 1344 1345 1346 1347
93,8,0.0,10927.025,0.0,369 375 377 378 406 408 409 881 882 883 884 910 911 913 914 915 916 917 919 920 921 1009 1010 1036 1038 1039 1041 1042 1044 1045 1046 1047 1048 1049 1050 1051 1052 1053 1054 1055 1056 1057 1058 1059 1060 1061 1062 1063 1064 1065 1066 1067 1068 1069 1070 1071 1072 1073 1074 1075 1076 1077 1078 1079 1080 1081 1082 1083 1084 1085 1086 1087 1088 1091 1092 1093 1098 1106 1107 1108 1109 1110 1111 1112 1113 1114 1115 1116 1117 1118 1119 1120 1121 1122 1123 1124 1125 1126 1127 1128 1129 1130 1131 1132 1133 1134 1135 1136 1137 1138 1139 1140 1141 1142 1143 1144 1145 1146 1147 1148 1149 1150 1151 1152 1153 1154 1155 1156 1157 1158 1159 1160 1161 1162 1163 1164 1165 1166 1167 1168 1169 1170 1171 1172 1173 1174 1175
93,9,0.0,4694.205,3630.8525315160077,428 447 448 449 450 451 452 453 454 455 456 457 458 459 460 461 462 463 464 465 466 467 468 469 470 471 1037 1040 1043 1176 1177 1178 1179 1180 1181 1182 1183 1184 1185 1186 1187 1188 1189 1190 1191 1192 1193 1194 1195 1196 1197 1198 1199 1200 1201 1202 1203 1204 1205 1206 1207 1208 1209 1210 1211 1212 1213 1214 1215 1216 1217 1218 1219 1220 1221 1222 1223 1224 1225 1226 1227 1228 1229 1230 1231 1232 1233 1234 1235 1236 1237 1238 1239 1240 1241 1242 1243 1244 1245 1246 1247 1248 1249 1250 1251 1252 1253 1254 1255 1256 1257 1258 1259 1260 1261 1262 1263 1264 1265 1266 1268 1269 1270 1271 1333 1334 1335 1336 1337 1365 1366
94,0,0.0,22290.637000000002,22235.409688859727,24 27 106 107 108 109 110 111 112 116 117 118 119 120 121 122 123 124 125 126 127 128 129 130 137 154 155 156 157 158 159 160 161 162 163 166 167 168 169 170 474 475 476 477 478 490 491 492 498 499 500 501 502 503 504 545 546 547 548 549 550 551 552 553 554 555 556 557 558 559 560 561 562 563 564 565 566 567 568 569 570 571 572 573 574 575 576 577 578 579 580 581 582 583 584 585 586 587 588 589 590 591 592 593 594 595 596 597 598 599 600 601 602 603 604 605 606 607 608 609 610 611 612 613 614 615 616 617 618 619 620 621 622 623 624 625 626 627 628 629 630 631 632 633 634 635 636 637 638 639 640 641 642 643 644 645 646 647 648 649 650 651 652 653 654 655 656 657 658 659 660 661 662 663 664 665 666 667 668 669 670 671 672 673 674 675 676 677 678 679 680 681 682 683 684 685 686 687 688 689 690 691 692 693 694 695 696 697 698 699 700 701 702 703 704 705 706 707 708 709 710 711 712 713 714 715 716 717 718 719 720 721 722 723 724 725 726 727 728 729 730 731 732 733 734 735 736 737 738 739 740 741 742 743 744 745 746 747 748 749 750 751 752 753 754 755 756 757 758 759 760 761 762 763 764 765 766 767 768 769 770 771 772 773 775 776 777 778 779 780 781 782 784 785 787 788 789 790 791 792 793 794 795 796 797 798 799 800 801 802 803 804 805 806 807 808 809 810 811 812 813 814 815 816 817 818 819 820 821 822 823 824 825 826 827 828 829 830 831 832 833 834 835 836 837 838 839 840 841 842 843 844 845 846 847 848 849 850 851 852 853 854 855 856 857 858 859 860 861 862 872 889 890 891 892 893 898 899 900 901 902 903 904 905 906 907 908 909 912 953 954
94,1,0.0,3458.8460000000005,2448.334762974234,0 1 2 3 4 5 6 7 8 9 10 11 12 13 14 15 16 17 18 19 20 21 22 23 25 26 28 29 30 31 32 33 34 35 36 37 38 39 40 41 42 43 44 45 46 47 49 50 75 78
94,2,0.0,11909.999,11589.984162392231,415 416 418 419 420 421 422 423 424 425 426 427 429 430 431 432 433 434 435 436 437 438 439 440 441 442 443 444 445 446 472 473 479 480 481 482 483 484 485 486 487 488 489 493 494 495 496 497 505 506 507 508 509 510 511 512 513 514 515 516 517 518 519 520 521 522 523 524 525 526 527 528 529 530 531 532 533 534 535 536 537 538 539 540 541 542 543 544 774 783 786 885 886 887 888 894 895 896 897 918 922 923 924 925 926 927 928 929 930 931 932 933 934 935 936 937 938 939 940 941 942 943 944 945 946 947 948 949 950 951 952 955 956 957 958 959 960 961 962 963 964 965 966 967 968 969 970 971 972 973 974 975 976 977 978 979 980 981 982 983 984 985 986 987 988 989 990 991 992 993 994 995 996 997 998 999 1000 1001 1002 1003 1004 1005 1006 1007 1008 1011 1012 1013 1014 1015 1016 1017 1018 1019 1020 1021 1022 1023 1024 1025 1026 1027 1028 1029 1030 1031 1032 1033 1034 1035
94,3,0.0,4291.795,3163.3654496892127,52 53 54 55 56 57 58 59 60 61 62 63 64 65 66 67 68 69 70 71 72 73 74 76 77 79 80 81 82 83 84 85 86 87 88 89 90 91 92 93 94 95 96 97 98 99 100 101 102 103 104 105 113 114 115 131 132 133 134 135 136 218 219 220 221 222 223 224 225
94,4,0.0,10518.831999999999,9787.318773134806,138 139 140 141 142 143 146 147 148 149 150 151 152 153 164 165 171 172 173 174 175 176 177 178 179 180 181 182 183 184 185 186 187 188 189 190 191 192 193 194 195 196 197 198 199 200 201 202 203 204 205 206 207 208 209 210 211 212 213 214 215 216 217 309 310 311 312 313 314 315 316 317 318 319 320 321 322 323 324 325 326 327 328 329 330 331 332 333 334 335 336 337 338 339 340 341 342 343 344 345 346 347 348 349 350 351 352 353 354 355 356 357 358 359 360 361 362 363 364 365 366 367 368 370 371 372 373 374 376 379 380 381 382 383 391 392 393 394 395 396 397 398 399 401 407 410 411 412 413 863 864 865 866 867 868 869 870 871 873 874 875 876 877 878 879 880 1089 1090 1094 1095 1096 1097 1099 1100 1101 1102 1103 1104 1105
94,5,0.0,3539.0389999999998,1998.430117697096,144 145 226 227 228 229 230 231 232 233 234 235 236 237 238 239 240 241 242 243 244 245 246 247 248 249 250 251 252 253 254 255 256 257 258 259 260 261 262 263 264 265 266 267 268 269 270 271 272 273 274 275 276 277 278 279 280 281 282 283 284 285 286 287 288 289 290 291 292 293 294 295 296 297 298 299 300 301 302 303 304 305 306 307 308 384 385 386 387 388 389 390 400 402 403 404 405
94,6,0.0,2462.3159999999993,1074.3356862725666,1267 1311 1312 1338 1339 1340 1341 1342 1348 1349 1350 1351 1352 1353 1354 1355 1356 1357 1358 1359 1360 1361 1362 1363 1364 1367 1368 1369 1370 1371 1372 1373 1374 1375 1376 1377 1378 1379 1380 1381 1382 1383 1384 1385 1386 1387 1388 1389 1390 1391 1392 1393 1394 1395 1396 1397 1398 1399 1400 1401 1402 1403 1404 1405 1406 1407 1408 1409 1410 1411 1412 1413 1414 1415 1416 1417 1418
94,7,0.0,4026.1080000000006,2641.028675908672,48 51 414 417 1272 1273 1274 1275 1276 1277 1278 1279 1280 1281 1282 1283 1284 1285 1286 1287 1288 1289 1290 1291 1292 1293 1294 1295 1296 1297 1298 1299 1300 1301 1302 1303 1304 1305 1306 1307 1308 1309 1310 1313 1314 1315 1316 1317 1318 1319 1320 1321 1322 1323 1324 1325 1326 1327 1328 1329 1330 1331 1332 1343 1344 1345 1346 1347
94,8,0.0,7084.085999999999,6285.640589868636,369 375 377 378 406 408 409 881 882 883 884 910 911 913 914 915 916 917 919 920 921 1009 1010 1036 1038 1039 1041 1042 1044 1045 1046 1047 1048 1049 1050 1051 1052 1053 1054 1055 1056 1057 1058 1059 1060 1061 1062 1063 1064 1065 1066 1067 1068 1069 1070 1071 1072 1073 1074 1075 1076 1077 1078 1079 1080 1081 1082 1083 1084 1085 1086 1087 1088 1091 1092 1093 1098 1106 1107 1108 1109 1110 1111 1112 1113 1114 1115 1116 1117 1118 1119 1120 1121 1122 1123 1124 1125 1126 1127 1128 1129 1130 1131 1132 1133 1134 1135 1136 1137 1138 1139 1140 1141 1142 1143 1144 1145 1146 1147 1148 1149 1150 1151 1152 1153 1154 1155 1156 1157 1158 1159 1160 1161 1162 1163 1164 1165 1166 1167 1168 1169 1170 1171 1172 1173 1174 1175
94,9,0.0,5087.290999999999,4023.9385315160075,428 447 448 449 450 451 452 453 454 455 456 457 458 459 460 461 462 463 464 465 466 467 468 469 470 471 1037 1040 1043 1176 1177 1178 1179 1180 1181 1182 1183 1184 1185 1186 1187 1188 1189 1190 1191 1192 1193 1194 1195 1196 1197 1198 1199 1200 1201 1202 1203 1204 1205 1206 1207 1208 1209 1210 1211 1212 1213 1214 1215 1216 1217 1218 1219 1220 1221 1222 1223 1224 1225 1226 1227 1228 1229 1230 1231 1232 1233 1234 1235 1236 1237 1238 1239 1240 1241 1242 1243 1244 1245 1246 1247 1248 1249 1250 1251 1252 1253 1254 1255 1256 1257 1258 1259 1260 1261 1262 1263 1264 1265 1266 1268 1269 1270 1271 1333 1334 1335 1336 1337 1365 1366
95,0,0.0,21565.25,21510.02268885975,24 27 106 107 108 109 110 111 112 116 117 118 119 120 121 122 123 124 125 126 127 128 129 130 137 154 155 156 157 158 159 160 161 162 163 166 167 168 169 170 474 475 476 477 478 490 491 492 498 499 500 501 502 503 504 545 546 547 548 549 550 551 552 553 554 555 556 557 558 559 560 561 562 563 564 565 566 567 568 569 570 571 572 573 574 575 576 577 578 579 580 581 582 583 584 585 586 587 588 589 590 591 592 593 594 595 596 597 598 599 600 601 602 603 604 605 606 607 608 609 610 611 612 613 614 615 616 617 618 619 620 621 622 623 624 625 626 627 628 629 630 631 632 633 634 635 636 637 638 639 640 641 642 643 644 645 646 647 648 649 650 651 652 653 654 655 656 657 658 659 660 661 662 663 664 665 666 667 668 669 670 671 672 673 674 675 676 677 678 679 680 681 682 683 684 685 686 687 688 689 690 691 692 693 694 695 696 697 698 699 700 701 702 703 704 705 706 707 708 709 710 711 712 713 714 715 716 717 718 719 720 721 722 723 724 725 726 727 728 729 730 731 732 733 734 735 736 737 738 739 740 741 742 743 744 745 746 747 748 749 750 751 752 753 754 755 756 757 758 759 760 761 762 763 764 765 766 767 768 769 770 771 772 773 775 776 777 778 779 780 781 782 784 785 787 788 789 790 791 792 793 794 795 796 797 798 799 800 801 802 803 804 805 806 807 808 809 810 811 812 813 814 815 816 817 818 819 820 821 822 823 824 825 826 827 828 829 830 831 832 833 834 835 836 837 838 839 840 841 842 843 844 845 846 847 848 849 850 851 852 853 854 855 856 857 858 859 860 861 862 872 889 890 891 892 893 898 899 900 901 902 903 904 905 906 907 908 909 912 953 954
95,1,0.0,3617.6549999999997,2607.143762974233,0 1 2 3 4 5 6 7 8 9 10 11 12 13 14 15 16 17 18 19 20 21 22 23 25 26 28 29 30 31 32 33 34 35 36 37 38 39 40 41 42 43 44 45 46 47 49 50 75 78
95,2,0.0,11763.535,11443.520162392226,415 416 418 419 420 421 422 423 424 425 426 427 429 430 431 432 433 434 435 436 437 438 439 440 441 442 443 444 445 446 472 473 479 480 481 482 483 484 485 486 487 488 489 493 494 495 496 497 505 506 507 508 509 510 511 512 513 514 515 516 517 518 519 520 521 522 523 524 525 526 527 528 529 530 531 532 533 534 535 536 537 538 539 540 541 542 543 544 774 783 786 885 886 887 888 894 895 896 897 918 922 923 924 925 926 927 928 929 930 931 932 933 934 935 936 937 938 939 940 941 942 943 944 945 946 947 948 949 950 951 952 955 956 957 958 959 960 961 962 963 964 965 966 967 968 969 970 971 972 973 974 975 976 977 978 979 980 981 982 983 984 985 986 987 988 989 990 991 992 993 994 995 996 997 998 999 1000 1001 1002 1003 1004 1005 1006 1007 1008 1011 1012 1013 1014 1015 1016 1017 1018 1019 1020 1021 1022 1023 1024 1025 1026 1027 1028 1029 1030 1031 1032 1033 1034 1035
95,3,0.0,4914.455,3786.0254496892126,52 53 54 55 56 57 58 59 60 61 62 63 64 65 66 67 68 69 70 71 72 73 74 76 77 79 80 81 82 83 84 85 86 87 88 89 90 91 92 93 94 95 96 97 98 99 100 101 102 103 104 105 113 114 115 131 132 133 134 135 136 218 219 220 221 222 223 224 225
95,4,0.0,11002.11,10270.596773134805,138 139 140 141 142 143 146 147 148 149 150 151 152 153 164 165 171 172 173 174 175 176 177 178 179 180 181 182 183 184 185 186 187 188 189 190 191 192 193 194 195 196 197 198 199 200 201 202 203 204 205 206 207 208 209 210 211 212 213 214 215 216 217 309 310 311 312 313 314 315 316 317 318 319 320 321 322 323 324 325 326 327 328 329 330 331 332 333 334 335 336 337 338 339 340 341 342 343 344 345 346 347 348 349 350 351 352 353 354 355 356 357 358 359 360 361 362 363 364 365 366 367 368 370 371 372 373 374 376 379 380 381 382 383 391 392 393 394 395 396 397 398 399 401 407 410 411 412 413 863 864 865 866 867 868 869 870 871 873 874 875 876 877 878 879 880 1089 1090 1094 1095 1096 1097 1099 1100 1101 1102 1103 1104 1105
95,5,0.0,3685.964,2145.3551176970955,144 145 226 227 228 229 230 231 232 233 234 235 236 237 238 239 240 241 242 243 244 245 246 247 248 249 250 251 252 253 254 255 256 257 258 259 260 261 262 263 264 265 266 267 268 269 270 271 272 273 274 275 276 277 278 279 280 281 282 283 284 285 286 287 288 289 290 291 292 293 294 295 296 297 298 299 300 301 302 303 304 305 306 307 308 384 385 386 387 388 389 390 400 402 403 404 405
95,6,0.0,2528.7180000000003,1140.737686272566,1267 1311 1312 1338 1339 1340 1341 1342 1348 1349 1350 1351 1352 1353 1354 1355 1356 1357 1358 1359 1360 1361 1362 1363 1364 1367 1368 1369 1370 1371 1372 1373 1374 1375 1376 1377 1378 1379 1380 1381 1382 1383 1384 1385 1386 1387 1388 1389 1390 1391 1392 1393 1394 1395 1396 1397 1398 1399 1400 1401 1402 1403 1404 1405 1406 1407 1408 1409 1410 1411 1412 1413 1414 1415 1416 1417 1418
95,7,0.0,3729.464,2344.3846759086728,48 51 414 417 1272 1273 1274 1275 1276 1277 1278 1279 1280 1281 1282 1283 1284 1285 1286 1287 1288 1289 1290 1291 1292 1293 1294 1295 1296 1297 1298 1299 1300 1301 1302 1303 1304 1305 1306 1307 1308 1309 1310 1313 1314 1315 1316 1317 1318 1319 1320 1321 1322 1323 1324 1325 1326 1327 1328 1329 1330 1331 1332 1343 1344 1345 1346 1347
95,8,0.0,6415.235,5616.789589868642,369 375 377 378 406 408 409 881 882 883 884 910 911 913 914 915 916 917 919 920 921 1009 1010 1036 1038 1039 1041 1042 1044 1045 1046 1047 1048 1049 1050 1051 1052 1053 1054 1055 1056 1057 1058 1059 1060 1061 1062 1063 1064 1065 1066 1067 1068 1069 1070 1071 1072 1073 1074 1075 1076 1077 1078 1079 1080 1081 1082 1083 1084 1085 1086 1087 1088 1091 1092 1093 1098 1106 1107 1108 1109 1110 1111 1112 1113 1114 1115 1116 1117 1118 1119 1120 1121 1122 1123 1124 1125 1126 1127 1128 1129 1130 1131 1132 1133 1134 1135 1136 1137 1138 1139 1140 1141 1142 1143 1144 1145 1146 1147 1148 1149 1150 1151 1152 1153 1154 1155 1156 1157 1158 1159 1160 1161 1162 1163 1164 1165 1166 1167 1168 1169 1170 1171 1172 1173 1174 1175
95,9,0.0,4988.216,3924.8635315160086,428 447 448 449 450 451 452 453 454 455 456 457 458 459 460 461 462 463 464 465 466 467 468 469 470 471 1037 1040 1043 1176 1177 1178 1179 1180 1181 1182 1183 1184 1185 1186 1187 1188 1189 1190 1191 1192 1193 1194 1195 1196 1197 1198 1199 1200 1201 1202 1203 1204 1205 1206 1207 1208 1209 1210 1211 1212 1213 1214 1215 1216 1217 1218 1219 1220 1221 1222 1223 1224 1225 1226 1227 1228 1229 1230 1231 1232 1233 1234 1235 1236 1237 1238 1239 1240 1241 1242 1243 1244 1245 1246 1247 1248 1249 1250 1251 1252 1253 1254 1255 1256 1257 1258 1259 1260 1261 1262 1263 1264 1265 1266 1268 1269 1270 1271 1333 1334 1335 1336 1337 1365 1366
